,A,B,Distance,PassagersAtoB,PassagersBtoA,PassagersTotal,EurotramAtoB,EurotramBtoA,EurotramTotal,TraintramAtoB,TraintramBtoA,TraintramTotal,OccupancyAtoB,OccupancyBtoA,OccupancyTotal
0,Fânzeres,Venda Nova,440.45,13190,17376,30567,1807,1785,3592,0,0,0,0.03379604009090545,0.045068724518843126,0.039397861277951314
1,Venda Nova,Carreira,583.47,22529,30903,53432,1810,1785,3595,0,0,0,0.05762487658023854,0.08015212419150908,0.06881017198666911
2,Carreira,Baguim,786.02,30553,39167,69721,1811,1786,3597,0,0,0,0.07810746278518292,0.10152970281907558,0.08973718775057972
3,Baguim,Campainha,751.7,37946,44294,82240,1814,1784,3598,0,0,0,0.09684606173733654,0.11494669443655732,0.10582091686113028
4,Campainha,Rio Tinto,859.99,49856,54581,104438,1812,1782,3594,0,0,0,0.127383760405869,0.14180315171944288,0.13453327496368442
5,Rio Tinto,Levada,452.83,56551,62765,119317,1813,1786,3599,0,0,0,0.1444092521943263,0.16269858747754487,0.15348531577193908
6,Levada,Nau Vitória,1111.62,74388,78694,153083,1814,1786,3600,0,0,0,0.18985264274087427,0.2039909276381938,0.19686680297048892
7,Nau Vitória,Nasoni,499.02,77560,80497,158057,1816,1784,3600,0,0,0,0.19772886382197438,0.20889787293242174,0.20326372833670717
8,Nasoni,Contumil,650.0,79300,81599,160899,1816,1784,3600,0,0,0,0.20216455972153205,0.21175692142835448,0.20691810785624629
9,Contumil,Estádio do Dragão,619.19,91980,94363,186343,1816,1782,3598,0,0,0,0.23449177174469943,0.24515478587013512,0.23977289769565174
10,Estádio do Dragão,Campanhã,1166.02,170396,163860,334256,3703,3643,7346,1740,1803,3543,0.13837978090670824,0.13278443147811902,0.13557908315134978
11,Campanhã,Heroismo,950.92,333642,305308,638950,4445,4404,8849,2993,2995,5988,0.19598526799748822,0.1802269441136662,0.18812550001349815
12,Heroismo,24 de Agosto,571.9,354356,325812,680168,4447,4401,8848,2992,2997,5989,0.2081303129180948,0.19234754745442462,0.2002591347134223
13,24 de Agosto,Bolhão,680.44,445113,386686,831799,4456,4403,8859,2991,3001,5992,0.2611761445975653,0.22809369000515758,0.24467855286784426
14,Bolhão,Trindade,451.8,526836,473898,1000734,4458,4401,8859,2989,2999,5988,0.30914000610698894,0.27969025793530117,0.29445773083394267
15,Trindade,Lapa,857.4300000000001,632866,669788,1302655,4671,4637,9308,2999,3008,6007,0.36108354893656336,0.3832672678391107,0.3721592091567176
16,Lapa,Carolina Michaelis,460.97,589817,668971,1258788,4670,4633,9303,3002,3006,6008,0.3364201107772739,0.38309762860457425,0.35971218459677295
17,Carolina Michaelis,Casa da Música,627.48,559892,639081,1198974,4669,4636,9305,3004,3006,6010,0.31930079693860525,0.3658452918181653,0.3425289513293787
18,Casa da Música,Francos,871.87,513092,538743,1051836,4665,4634,9299,3002,3002,6004,0.292838318274327,0.3086577407383956,0.30073288661127917
19,Francos,Ramalde,965.03,480983,503946,984929,4666,4637,9303,3004,3000,6004,0.27440090357213426,0.288696567911423,0.28153391065681993
20,Ramalde,Viso,621.15,459127,483109,942236,4666,4637,9303,3004,3000,6004,0.2619322791263322,0.2767595641325154,0.26933054523594485
21,Viso,Sete Bicas,743.81,438037,457541,895579,4665,4637,9302,3005,2997,6002,0.2498959875424324,0.2622245399876576,0.2560461084428987
22,Sete Bicas,Sra da Hora,674.5,394167,418052,812219,4665,4635,9300,3006,3000,6006,0.2248366544348683,0.2395494241948345,0.2321762837833675
23,Sra da Hora,Vasco da Gama,824.48,147605,150345,297951,2282,2223,4505,0,0,0,0.29945643960283136,0.3131101720576145,0.30619389737130703
24,Vasco da Gama,Estádio do Mar,661.6,142605,144024,286630,2281,2231,4512,0,0,0,0.2894398104133524,0.29887109594240546,0.2941031964983075
25,Estádio do Mar,Pedro Hispano,786.97,138602,141781,280383,2282,2229,4511,0,0,0,0.28119040339482604,0.29448067722953497,0.28775746621406045
26,Pedro Hispano,Parque de Real,656.68,127968,132385,260353,2282,2232,4514,0,0,0,0.2596167018201187,0.274595270149459,0.2670230298021939
27,Parque de Real,C. Matosinhos,723.67,121624,126131,247756,2282,2228,4510,0,0,0,0.24674701988486158,0.2620934150312684,0.2543283432520887
28,C. Matosinhos,Matosinhos Sul,616.61,89886,94414,184300,2275,2229,4504,0,0,0,0.18291838723899634,0.1960995031317349,0.18944163486886184
29,Matosinhos Sul,Brito Capelo,535.72,46199,51698,97897,2277,2235,4512,0,0,0,0.09393275182133431,0.10708937452746992,0.10044982889319005
30,Brito Capelo,Mercado,487.53,27235,33027,60262,2295,2252,4547,0,0,0,0.05494165119718863,0.06789645490920324,0.0613577976584723
31,Mercado,Sr. de Matosinhos,708.96,12884,13780,26665,2265,2227,4492,0,0,0,0.026334942011685288,0.028648821699973587,0.027482094742277016
33,Fonte do Cuco,Custoias,689.2,143738,178691,322429,1601,1593,3194,1687,1737,3424,0.18809176450176723,0.2306102411535704,0.20949841695127056
34,Custoias,Esposade,1779.24,139911,175181,315093,1601,1592,3193,1681,1737,3418,0.183442035925634,0.22614365951182655,0.20495872651295352
35,Esposade,Crestins,2035.56,137944,173229,311173,1601,1590,3191,1683,1739,3422,0.1807443853817323,0.22360442826027327,0.20233482068526085
36,Crestins,Verdes,591.8199999999999,135792,170345,306137,1603,1592,3195,1685,1739,3424,0.17770929379976014,0.2197593062217812,0.19888476819860262
37,Verdes,Pedras Rubras,960.78,105346,112060,217406,0,0,0,1685,1739,3424,0.25209643161257866,0.2598379722394996,0.25602824795317897
38,Pedras Rubras,Lidador,1147.58,95141,99839,194980,0,0,0,1685,1739,3424,0.2276755478207415,0.23150065778178205,0.22961826575948263
39,Lidador,Vilar do Pinheiro,1987.51,91714,96297,188012,0,0,0,1685,1739,3424,0.21947673340613189,0.22328667633861565,0.22141174823077825
40,Vilar do Pinheiro,Modivas Sul,2037.38,89403,93692,183096,0,0,0,1685,1739,3424,0.21394637757501883,0.2172464905224211,0.21562245713563
41,Modivas Sul,Modivas Centro,1051.08,88865,93003,181869,0,0,0,1685,1739,3424,0.21265905051391534,0.21564961820523665,0.21417791652302975
42,Modivas Centro,Modivas Norte,852.51,88168,92256,180425,0,0,0,1688,1737,3425,0.21061559206274152,0.21416434246393876,0.21241535248518814
43,Modivas Norte,Mindelo,1834.12,79058,83703,162762,0,0,0,1692,1737,3429,0.18840779308564298,0.19430937091040423,0.1913973062619656
44,Mindelo,Espaço Natureza,776.86,75703,79838,155542,0,0,0,1690,1739,3429,0.18062590644913623,0.18512385065206166,0.18290701609302287
45,Espaço Natureza,Varziela,1539.0,75012,79226,154239,0,0,0,1689,1739,3428,0.17908222223711212,0.18370472291360634,0.18142718392801746
46,Varziela,Árvore,858.71,70777,74119,144896,0,0,0,1690,1739,3429,0.1688721275621918,0.1718619433064565,0.1703883974890732
47,Árvore,Azurara,664.57,70588,73704,144293,0,0,0,1690,1739,3429,0.16842045799966288,0.17090100946833045,0.16967845712594254
48,Azurara,Santa Clara,1218.09,69635,72750,142386,0,0,0,1690,1735,3425,0.16614608970206263,0.16907816364783412,0.16763138847459214
49,Santa Clara,Vila do Conde,670.57,67235,70147,137382,0,0,0,1690,1739,3429,0.16041951395143675,0.16265298914151907,0.16155220959318453
50,Vila do Conde,Alto de Pega,730.41,49988,52102,102091,0,0,0,1683,1733,3416,0.11976674395161027,0.12122978030380882,0.12050896936096628
51,Alto de Pega,Portas Fronhas,671.05,47277,49348,96625,0,0,0,1682,1736,3418,0.11333760304471537,0.11462260814985184,0.11399025631051903
52,Portas Fronhas,São Brás,562.21,37868,39327,77196,0,0,0,1684,1736,3420,0.09067551223798077,0.09134679180248315,0.09101625531516677
53,São Brás,Póvoa de Varzim,624.94,36198,37639,73837,0,0,0,1681,1734,3415,0.08682961814656628,0.08752604457348652,0.08718323554752666
55,Fonte do Cuco,Cândido dos Reis,913.51,108293,112640,220933,772,793,1565,1298,1240,2538,0.22161440408866073,0.23525241924672227,0.22836399969304616
56,Cândido dos Reis,Pias,916.73,103530,108185,211716,772,793,1565,1300,1240,2540,0.21165307352103663,0.2259483303058911,0.21872431955459443
57,Pias,Araújo,1258.13,100455,104777,205233,772,793,1565,1302,1240,2542,0.20515864079900534,0.21883080288601858,0.21191820507921902
58,Araújo,Custió,651.69,97582,100648,198230,770,793,1563,1302,1240,2542,0.1994661973028744,0.2102063216626152,0.20477852165065788
59,Custió,Parque de Maia,1418.51,92431,95708,188140,770,793,1563,1298,1238,2536,0.18932201188236736,0.20009725597926625,0.1946543829005973
60,Parque de Maia,Forum,824.81,81273,82663,163936,770,791,1561,1298,1236,2534,0.16646736195751846,0.1731589889261862,0.16977561504656752
61,Forum,Zona Industrial,1119.4,37734,40145,77879,434,370,804,742,755,1497,0.1358510982112156,0.15026737853253813,0.14291902277013163
62,Zona Industrial,Mandim,1194.23,34132,36228,70361,432,370,802,742,755,1497,0.12307633479541798,0.1356078359550545,0.12922507608964026
63,Mandim,Castêlo da Maia,1468.1,30992,32717,63710,432,368,800,742,755,1497,0.11175496033706753,0.12266371026746109,0.11710306614131197
64,Castêlo da Maia,ISMAI,702.48,19027,19333,38360,434,368,802,742,755,1497,0.06850317840523908,0.07248207912209857,0.07045232003996105
65,Santo Ovídio,D. João II,463.71,118567,87201,205769,5116,5156,10272,0,0,0,0.10729591984414467,0.07829900454531062,0.0927410040263109
66,D. João II,João de Deus,716.25,164530,131098,295628,5122,5152,10274,0,0,0,0.14871416652468064,0.11780577119340371,0.1332148427221949
67,João de Deus,C.M.Gaia,405.01,251699,209127,460826,5124,5156,10280,0,0,0,0.2274151069256289,0.18777765715379743,0.20753468951088544
68,C.M.Gaia,General Torres,488.39,288810,238049,526859,5126,5154,10280,0,0,0,0.2608438023039941,0.21382981397510065,0.23727278130719287
69,General Torres,Jardim do Morro,419.98,319920,260358,580279,5066,5093,10159,0,0,0,0.2923635492397998,0.23667098438292378,0.2644432585796886
70,Jardim do Morro,São Bento,795.7,332672,276016,608689,4094,4130,8224,0,0,0,0.37619675985734824,0.30940828881856713,0.3426563433458981
71,São Bento,Aliados,443.38,412052,381731,793784,5530,5570,11100,0,0,0,0.34496380889676664,0.31728500874271126,0.33107453710774964
72,Aliados,Trindade,450.27,443216,414187,857403,5530,5572,11102,0,0,0,0.3710536944658795,0.3441376210198824,0.3575447446153034
73,Trindade,Faria Guimaraes,555.34,354758,339508,694266,5566,5536,11102,0,0,0,0.2950771332422941,0.2839229746350744,0.28951512441059096
74,Faria Guimaraes,Marques,621.04,334999,323500,658499,5564,5535,11099,0,0,0,0.2787422231508289,0.27058509874817616,0.27467431761261074
75,Marques,Combatentes,702.75,267299,252929,520229,5562,5538,11100,0,0,0,0.22249184824577647,0.21144281957499142,0.21697927880624426
76,Combatentes,Salgueiros,471.25,231592,217538,449130,5562,5536,11098,0,0,0,0.1927699044845961,0.18192226028508324,0.18735878912250356
77,Salgueiros,Polo Universitario,775.36,207226,194740,401967,5564,5530,11094,0,0,0,0.1724270438226079,0.1630333969841574,0.16774461485049402
78,Polo Universitario,I.P.O.,827.64,158133,156115,314248,5538,5532,11070,0,0,0,0.13219527620559943,0.13065052977937827,0.13142332162295664
79,I.P.O.,Hospital São João,351.77,72598,85802,158401,5526,5530,11056,0,0,0,0.06082201866332086,0.07183293148443869,0.06632946691773307
80,Verdes (E) ,Botica,683.54,32002,60314,92316,1603,1590,3193,0,0,0,0.09242525714899513,0.1756195421937585,0.1338530408073646
81,Botica,Aeroporto,649.66,27827,55217,83045,1603,1590,3193,0,0,0,0.0803698335428646,0.16077917540174402,0.12041081492577042
82,Sra da Hora,Fonte do Cuco,687.03,263002,295947,558949,2371,2386,4757,2983,2977,2983,0.21381368340728235,0.23635449407804754,0.2251359193143313
