,A,B,Distance,PassagersAtoB,PassagersBtoA,PassagersTotal,EurotramAtoB,EurotramBtoA,EurotramTotal,TraintramAtoB,TraintramBtoA,TraintramTotal,OccupancyAtoB,OccupancyBtoA,OccupancyTotal
0,Fânzeres,Venda Nova,440.45,2535,600,3136,165,169,334,0,0,0,0.07115600448914564,0.01643831490353889,0.04346950886050031
1,Venda Nova,Carreira,583.47,4329,994,5323,167,179,346,0,0,0,0.1200100932413991,0.025723710001651356,0.07123187763470878
2,Carreira,Baguim,786.02,6337,1236,7574,199,179,378,0,0,0,0.14743060757022639,0.03199141523109791,0.09276495828794068
3,Baguim,Campainha,751.7,8311,1267,9578,201,158,359,0,0,0,0.1914366367324873,0.0371399432182166,0.12352889975406174
4,Campainha,Rio Tinto,859.99,11338,1590,12929,184,154,338,0,0,0,0.28528865894548716,0.04781709018911826,0.1770915536541238
5,Rio Tinto,Levada,452.83,12720,1944,14665,184,152,336,0,0,0,0.320070261823849,0.05922008378055078,0.20206660985188077
6,Levada,Nau Vitória,1111.62,15894,2466,18361,184,152,336,0,0,0,0.3999259415989382,0.07512213139448246,0.2529908846016844
7,Nau Vitória,Nasoni,499.02,16380,2556,18936,186,152,338,0,0,0,0.40772056795879535,0.07786201792192163,0.25938181172919533
8,Nasoni,Contumil,650.0,16725,2604,19330,184,170,354,0,0,0,0.42083969626611306,0.07093296820729839,0.252805391831089
9,Contumil,Estádio do Dragão,619.19,19059,3253,22313,185,160,345,0,0,0,0.4769677959689166,0.0941465304418362,0.2994274989128793
10,Estádio do Dragão,Campanhã,1166.02,27963,7834,35798,286,219,505,136,199,335,0.29280018187005274,0.08106033276437546,0.18629556667876246
11,Campanhã,Heroismo,950.92,64047,16393,80441,393,373,766,229,230,459,0.45206077021353386,0.11913482586361787,0.28802481682454745
12,Heroismo,24 de Agosto,571.9,65501,18819,84320,387,391,778,229,230,459,0.46658721156530125,0.1330042847919707,0.29913776567797623
13,24 de Agosto,Bolhão,680.44,73039,26347,99387,374,406,780,231,208,439,0.5289965558848991,0.1891721682867639,0.35834431359110536
14,Bolhão,Trindade,451.8,71244,37844,109088,371,408,779,229,196,425,0.5203035014607105,0.276770245664293,0.3986223038440019
15,Trindade,Lapa,857.4300000000001,70705,60311,131017,393,393,786,231,213,444,0.4973112053987321,0.437957451552914,0.4681076520144666
16,Lapa,Carolina Michaelis,460.97,66825,61086,127911,394,391,785,221,219,440,0.47762360234002016,0.4402037053505507,0.4589904594326185
17,Carolina Michaelis,Casa da Música,627.48,58408,62423,120831,394,365,759,211,229,440,0.4249959975205273,0.46024404215976056,0.44250384473036997
18,Casa da Música,Francos,871.87,43732,64387,108119,392,369,761,206,230,436,0.32213175655261045,0.47085815574754164,0.39676347840444265
19,Francos,Ramalde,965.03,37803,63312,101116,388,361,749,193,230,423,0.2871022087727293,0.46892783892871004,0.3791549793553573
20,Ramalde,Viso,621.15,35832,59634,95466,370,363,733,211,230,441,0.27094760931789014,0.44027411856180976,0.3566229164725373
21,Viso,Sete Bicas,743.81,31738,57710,89449,364,344,708,221,230,451,0.23786327342296185,0.43938736682666363,0.3378307195812836
22,Sete Bicas,Sra da Hora,674.5,27746,55178,82924,340,325,665,223,255,478,0.21551564955683636,0.41350802779999984,0.3162849678705692
23,Sra da Hora,Vasco da Gama,824.48,15337,12007,27345,169,136,305,0,0,0,0.42016856054358226,0.40874221375377445,0.4150735337782909
24,Vasco da Gama,Estádio do Mar,661.6,16198,9650,25848,144,133,277,0,0,0,0.5207815675104229,0.3359137515950762,0.4320183201575669
25,Estádio do Mar,Pedro Hispano,786.97,15984,9100,25084,150,136,286,0,0,0,0.4933523833511915,0.30978414061765874,0.4060611910023788
26,Pedro Hispano,Parque de Real,656.68,15010,7814,22824,151,136,287,0,0,0,0.4602266352798639,0.2660071191103359,0.36819230009151616
27,Parque de Real,C. Matosinhos,723.67,14366,6942,21309,151,136,287,0,0,0,0.44048317065278364,0.23634602560794482,0.34374919251306907
28,C. Matosinhos,Matosinhos Sul,616.61,9717,4799,14516,153,134,287,0,0,0,0.2940303155272685,0.1658281766588962,0.23417287089882988
29,Matosinhos Sul,Brito Capelo,535.72,3979,3003,6982,151,136,287,0,0,0,0.12201436187798897,0.10223494685237593,0.11264153803309918
30,Brito Capelo,Mercado,487.53,1780,1875,3655,157,142,299,0,0,0,0.052493655811137345,0.06115285590604165,0.05660605184283103
31,Mercado,Sr. de Matosinhos,708.96,404,511,916,151,136,287,0,0,0,0.01241247388208609,0.01742919389973974,0.014789734935747749
33,Fonte do Cuco,Custoias,689.2,8569,21568,30137,68,67,135,134,180,314,0.17882334088311158,0.3648693036070971,0.2815734431753254
34,Custoias,Esposade,1779.24,8387,21046,29434,68,67,135,134,185,319,0.17504082640921817,0.3487366285727727,0.27186077110567564
35,Esposade,Crestins,2035.56,8286,20774,29060,68,95,163,133,185,318,0.17381784435793804,0.31286314669461424,0.25475451659262577
36,Crestins,Verdes,591.8199999999999,8118,20252,28371,68,99,167,133,173,306,0.17029791535507244,0.315030199734935,0.25340392730766803
37,Verdes,Pedras Rubras,960.78,5971,16547,22518,0,0,0,133,151,284,0.18103970851857487,0.441867167322954,0.319719096826537
38,Pedras Rubras,Lidador,1147.58,5589,14236,19826,0,0,0,133,151,284,0.16947201537082218,0.3801604244860746,0.2814929652877346
39,Lidador,Vilar do Pinheiro,1987.51,5403,13634,19038,0,0,0,133,151,284,0.16382107800063153,0.3640947363429988,0.2703046076122423
40,Vilar do Pinheiro,Modivas Sul,2037.38,5478,12921,18400,0,0,0,133,151,284,0.16610301903554867,0.3450615360609967,0.26125349815823407
41,Modivas Sul,Modivas Centro,1051.08,5523,12721,18244,0,0,0,133,151,284,0.16745381395539197,0.3397108902716996,0.2590412031235696
42,Modivas Centro,Modivas Norte,852.51,5588,12398,17986,0,0,0,133,143,276,0.16942675615896696,0.34960930860823686,0.2627822090584075
43,Modivas Norte,Mindelo,1834.12,5283,11654,16937,0,0,0,133,149,282,0.16018332655953402,0.31538622112569564,0.24218769283739952
44,Mindelo,Espaço Natureza,776.86,5139,10762,15902,0,0,0,133,149,282,0.1558154584798566,0.2912646985532964,0.22738261014986558
45,Espaço Natureza,Varziela,1539.0,4869,10916,15785,0,0,0,133,149,282,0.14762727265329856,0.29541852555183745,0.22571555875926413
46,Varziela,Árvore,858.71,4631,10084,14715,0,0,0,131,149,280,0.1425565265903915,0.27290745706609165,0.21192184316496052
47,Árvore,Azurara,664.57,4673,9916,14589,0,0,0,125,149,274,0.150748564833055,0.26836029884284196,0.21470531069969098
48,Azurara,Santa Clara,1218.09,4574,9820,14394,0,0,0,125,155,280,0.14756966125056148,0.255464872750205,0.20729736761643558
49,Santa Clara,Vila do Conde,670.57,4227,9664,13891,0,0,0,128,151,279,0.13316025953201463,0.2580829641498537,0.2007707555796623
50,Vila do Conde,Alto de Pega,730.41,2418,7228,9646,0,0,0,132,149,281,0.07388236787135366,0.195610248271178,0.13842846815453455
51,Alto de Pega,Portas Fronhas,671.05,2085,6984,9070,0,0,0,130,149,279,0.06467616002272611,0.18902710091457525,0.131085802291133
52,Portas Fronhas,São Brás,562.21,1814,4841,6656,0,0,0,125,149,274,0.05852544476465422,0.13102951595785786,0.09795284114344015
53,São Brás,Póvoa de Varzim,624.94,1791,4536,6327,0,0,0,115,149,264,0.06279940658613913,0.12275384282326733,0.09663732703815466
55,Fonte do Cuco,Cândido dos Reis,913.51,8362,17320,25682,106,106,212,82,75,157,0.19342776898704,0.4174038315372997,0.3031212669049134
56,Cândido dos Reis,Pias,916.73,8211,16405,24617,106,106,212,82,75,157,0.1899397364146872,0.3953567044947038,0.2905438166177885
57,Pias,Araújo,1258.13,8359,15598,23958,106,106,212,82,75,157,0.1933737008231739,0.3759063713079234,0.28277007149680206
58,Araújo,Custió,651.69,8318,14658,22976,108,106,214,82,75,157,0.1905051376225608,0.3532466752999389,0.26980437256220946
59,Custió,Parque de Maia,1418.51,8222,13386,21608,108,106,214,82,75,157,0.18831223150521378,0.3225912126335373,0.2537424875045199
60,Parque de Maia,Forum,824.81,7633,9925,17559,104,106,210,82,75,157,0.17836378031686648,0.23919956580265006,0.2083111295922541
61,Forum,Zona Industrial,1119.4,3622,4745,8367,34,38,72,65,58,123,0.1543664845111522,0.21005999530911884,0.18168600413829442
62,Zona Industrial,Mandim,1194.23,2848,4625,7473,28,38,66,65,55,120,0.1284745807791074,0.21171861742298578,0.16979400354799723
63,Mandim,Castêlo da Maia,1468.1,2200,4596,6797,34,36,70,65,65,130,0.09379060897765758,0.19236935678487205,0.14352958189998014
64,Castêlo da Maia,ISMAI,702.48,1628,2212,3840,36,36,72,65,65,130,0.0681347441529271,0.09256779377333213,0.08035126896312961
65,Santo Ovídio,D. João II,463.71,22737,4529,27267,326,332,658,0,0,0,0.3229095660061758,0.06316327977047305,0.1918521693036632
66,D. João II,João de Deus,716.25,31825,7026,38851,334,308,642,0,0,0,0.441136265787517,0.10561516044427731,0.2801697541898257
67,João de Deus,C.M.Gaia,405.01,42013,11596,53610,334,308,642,0,0,0,0.5823587623052429,0.1743168146900363,0.3866003201471687
68,C.M.Gaia,General Torres,488.39,47168,14232,61400,328,328,656,0,0,0,0.6657637362167889,0.2008899794598705,0.4333268578383297
69,General Torres,Jardim do Morro,419.98,53965,14620,68585,334,326,660,0,0,0,0.7480191369054372,0.2076315255647003,0.48110040766743695
70,Jardim do Morro,São Bento,795.7,54018,15957,69975,284,258,542,0,0,0,0.8805770316398327,0.2863432122209438,0.5977129626175571
71,São Bento,Aliados,443.38,58996,25198,84194,362,358,720,0,0,0,0.7545051099776762,0.32586269436478293,0.541374575547932
72,Aliados,Trindade,450.27,56884,30364,87249,364,362,726,0,0,0,0.7235059136834552,0.38833676803233547,0.5563830063477728
73,Trindade,Faria Guimaraes,555.34,42093,26184,68277,364,338,702,0,0,0,0.5353790542661769,0.35865042427729077,0.4502874916789355
74,Faria Guimaraes,Marques,621.04,40128,25316,65444,340,348,688,0,0,0,0.5464108066182968,0.33679621642712637,0.4403848220448559
75,Marques,Combatentes,702.75,31767,20963,52730,366,364,730,0,0,0,0.40183672838018364,0.26662561565890225,0.3344163927219009
76,Combatentes,Salgueiros,471.25,28246,16463,44709,366,350,716,0,0,0,0.3572933818169239,0.21776922142547586,0.2890902307875848
77,Salgueiros,Polo Universitario,775.36,26283,13336,39620,362,338,700,0,0,0,0.33613747338335265,0.18267601795646715,0.2620375134772279
78,Polo Universitario,I.P.O.,827.64,19251,11436,30688,338,364,702,0,0,0,0.2636870242460437,0.14546353436594145,0.202385955419324
79,I.P.O.,Hospital São João,351.77,6299,9548,15848,360,348,708,0,0,0,0.08100643314460299,0.12703544061239924,0.10363086054402827
80,Verdes (E) ,Botica,683.54,2227,3770,5997,68,99,167,0,0,0,0.15164403792455844,0.17631773094500752,0.16627095773907616
81,Botica,Aeroporto,649.66,1646,3315,4961,68,99,167,0,0,0,0.11206827244059708,0.1550224466891587,0.13753212424064262
82,Sra da Hora,Fonte do Cuco,687.03,16953,39737,56691,174,173,347,216,259,216,0.1861555975119315,0.39768408680752615,0.29558969271411195
