,A,B,Distance,PassagersAtoB,PassagersBtoA,PassagersTotal,EurotramAtoB,EurotamBtoA,EurotramTotal,TraintramAtoB,TraintramBtoA,TraintramTotal,OccupancyAtoB,OccupancyBtoA,OccupancyTotal
3,Fânzeres,Venda Nova,440.45,131,509,640,43,44,87,0,0,0,0.014104220499584518,0.05363510160092346,0.034096850022100764
4,Venda Nova,Carreira,583.47,196,923,1119,43,48,91,0,0,0,0.021152402320717807,0.08903424654139373,0.05695821026129412
5,Carreira,Baguim,786.02,240,1186,1426,43,48,91,0,0,0,0.02585821639044846,0.11439347688409252,0.0725581340134695
6,Baguim,Campainha,751.7,293,1355,1649,43,48,91,0,0,0,0.031589251203853724,0.13076144492664632,0.08389985888181026
7,Campainha,Rio Tinto,859.99,376,1718,2094,43,48,91,0,0,0,0.040555907333052546,0.16571946815969063,0.10657624710974078
8,Rio Tinto,Levada,452.83,429,1937,2366,43,48,91,0,0,0,0.046240374105827466,0.18682526508387826,0.12039504187446964
9,Levada,Nau Vitória,1111.62,883,2344,3227,43,48,91,0,0,0,0.09510635349163891,0.22609618263960515,0.16419988974551122
10,Nau Vitória,Nasoni,499.02,888,2408,3297,43,48,91,0,0,0,0.09566204080465975,0.232306356959002,0.16773816361134578
11,Nasoni,Contumil,650.0,915,2451,3366,43,48,91,0,0,0,0.09852627061443722,0.23646903748696338,0.1712872905032422
12,Contumil,Estádio do Dragão,619.19,1029,2787,3816,43,48,91,0,0,0,0.11082291329838485,0.2688523543882114,0.19417910200510655
13,Estádio do Dragão,Campanhã,1166.02,6256,3791,10047,97,88,185,50,45,95,0.18758015669617364,0.12567327257294625,0.1581782851560363
14,Campanhã,Heroismo,950.92,9465,6240,15705,98,89,187,88,103,191,0.22016245250024144,0.13938935308895292,0.17895859978323408
15,Heroismo,24 de Agosto,571.9,9600,6674,16275,97,89,186,88,95,183,0.2244351744326066,0.1560114445194686,0.19022011061068403
16,24 de Agosto,Bolhão,680.44,10758,8193,18952,96,89,185,88,86,174,0.2527810201434337,0.20206132236113786,0.22803386949770668
17,Bolhão,Trindade,451.8,12345,9249,21594,98,89,187,88,86,174,0.2871518799592312,0.22809223726208577,0.2584845114988434
18,Trindade,Lapa,857.4300000000001,14889,13362,28251,140,131,271,88,86,174,0.2859782667228489,0.2692707759265647,0.2778249691530785
19,Lapa,Carolina Michaelis,460.97,13775,13480,27256,140,129,269,88,86,174,0.2645862830891539,0.27404729587016435,0.269182614572952
20,Carolina Michaelis,Casa da Música,627.48,13070,13012,26083,140,127,267,88,86,174,0.25104937752526935,0.2668713091599342,0.2587011011873563
21,Casa da Música,Francos,871.87,11605,10677,22283,140,132,272,94,86,180,0.21671843386371548,0.21423958187394593,0.21552350598563869
22,Francos,Ramalde,965.03,10851,9743,20595,140,137,277,88,86,174,0.2084357391305658,0.19135134953803942,0.19998843549066597
23,Ramalde,Viso,621.15,10025,9655,19680,140,131,271,88,86,174,0.1925536654804833,0.1945785885577441,0.19354183303993958
24,Viso,Sete Bicas,743.81,9520,9264,18785,140,131,271,88,86,174,0.18286906702432765,0.18669096683038425,0.18473416375133334
25,Sete Bicas,Sra da Hora,674.5,9061,7105,16167,147,131,278,88,89,177,0.16913446014873015,0.14107262632451456,0.1555365762299076
26,Sra da Hora,Vasco da Gama,824.48,2603,3105,5708,87,88,175,0,0,0,0.13853234015547497,0.163388451857189,0.15103141346833687
27,Vasco da Gama,Estádio do Mar,661.6,2251,3090,5342,87,86,173,0,0,0,0.1198244756405928,0.16637641693626923,0.14296590310549553
28,Estádio do Mar,Pedro Hispano,786.97,2201,2950,5152,87,87,174,0,0,0,0.11716521653213655,0.15700401890995982,0.13708461772104819
29,Pedro Hispano,Parque de Real,656.68,1963,2850,4813,87,87,174,0,0,0,0.10446018525741255,0.1517106226469327,0.1280854039521726
30,Parque de Real,C. Matosinhos,723.67,1822,2776,4598,87,87,174,0,0,0,0.09696612588616724,0.1477406466518918,0.12235338626902952
31,C. Matosinhos,Matosinhos Sul,616.61,1383,2337,3721,86,87,173,0,0,0,0.07449843763726909,0.12439048048470859,0.09958865571661726
32,Matosinhos Sul,Brito Capelo,535.72,646,899,1545,87,87,174,0,0,0,0.0343782331771836,0.04784813296826591,0.04111318307272476
33,Brito Capelo,Mercado,487.53,330,493,824,87,88,175,0,0,0,0.017602656708428355,0.025967137824217962,0.021808795783796842
34,Mercado,Sr. de Matosinhos,708.96,65,67,132,86,87,173,0,0,0,0.003507488729403839,0.0035653469562127145,0.003536585063116973
35,Sra da Hora,Fonte do Cuco,687.03,3567,3165,6732,43,42,85,44,43,87,0.17659807044627482,0.16036951936750554,0.16857807134544872
36,Fonte do Cuco,Custoias,689.2,3397,3137,6534,40,42,82,44,43,87,0.1737436291228327,0.15898525892794943,0.16632988461646395
37,Custoias,Esposade,1779.24,3296,3104,6400,42,42,84,46,43,89,0.1609546611284864,0.157276786167737,0.15914974417440467
38,Esposade,Crestins,2035.56,3233,3092,6326,42,42,84,53,43,96,0.14556573532074585,0.15671118162801573,0.15080902594622922
39,Crestins,Verdes,591.8199999999999,3199,3019,6218,42,42,84,42,43,85,0.1641738736092745,0.15297920503786908,0.15854114928423732
40,Verdes,Pedras Rubras,960.78,2189,1156,3345,0,0,0,43,43,86,0.2053283891096422,0.10840720133698396,0.1568677952233131
41,Pedras Rubras,Lidador,1147.58,1994,1007,3001,0,0,0,43,43,86,0.18702785054202375,0.0944731295020079,0.1407504900220158
42,Lidador,Vilar do Pinheiro,1987.51,1917,959,2877,0,0,0,43,43,86,0.17981177952337904,0.08997833000115942,0.13489505476226923
43,Vilar do Pinheiro,Modivas Sul,2037.38,1849,957,2806,0,0,0,43,43,86,0.1734311289107166,0.08976501597795251,0.13159807244433455
44,Modivas Sul,Modivas Centro,1051.08,1818,963,2782,0,0,0,43,43,86,0.17054513223484136,0.0903635678624858,0.13045435004866357
45,Modivas Centro,Modivas Norte,852.51,1781,959,2741,0,0,0,43,43,86,0.1670917448424547,0.08994439649958531,0.12851807067102
46,Modivas Norte,Mindelo,1834.12,1753,697,2450,0,0,0,43,43,86,0.16443070415823127,0.06538360074089268,0.11490715244956197
47,Mindelo,Espaço Natureza,776.86,1644,687,2331,0,0,0,43,43,86,0.15423820235385372,0.06442954210056408,0.1093338722272089
48,Espaço Natureza,Varziela,1539.0,1623,685,2309,0,0,0,43,43,86,0.15224508418016436,0.06427810187418455,0.10826159302717445
49,Varziela,Árvore,858.71,1506,688,2194,0,0,0,43,29,72,0.14124083670688237,0.09574860479907918,0.12291757663290608
50,Árvore,Azurara,664.57,1482,682,2164,0,0,0,43,21,64,0.1389733411771067,0.1310308608469518,0.13636721481877462
51,Azurara,Santa Clara,1218.09,1469,677,2147,0,0,0,43,42,85,0.13784446511446072,0.06500188634179055,0.10185166148561192
52,Santa Clara,Vila do Conde,670.57,1387,656,2043,0,0,0,43,42,85,0.13011504780071217,0.0630145601542954,0.09695951272836505
53,Vila do Conde,Alto de Pega,730.41,1082,539,1621,0,0,0,42,42,84,0.10388063542070222,0.051792920964689036,0.07783677819269563
54,Alto de Pega,Portas Fronhas,671.05,1045,498,1544,0,0,0,47,42,89,0.08970904270300507,0.04789734211894906,0.06997767838243932
55,Portas Fronhas,São Brás,562.21,814,423,1238,0,0,0,46,42,88,0.07142348190202046,0.04068378310133267,0.05675226201987402
56,São Brás,Póvoa de Varzim,624.94,770,387,1157,0,0,0,42,42,84,0.07400748096730903,0.03715437788020422,0.05558092942375662
57,Sra da Hora,Fonte do Cuco,685.98,2399,1425,3825,1,1,2,42,42,84,0.22573286335551193,0.13410497497723148,0.1799189191663717
58,Fonte do Cuco,Cândido dos Reis,913.51,2273,1394,3668,1,1,2,42,42,84,0.21384878554439313,0.13118240537442094,0.17251559545940706
59,Cândido dos Reis,Pias,916.73,2129,1392,3522,1,1,2,42,42,84,0.20029158867078647,0.1309844802725357,0.1656380344716611
60,Pias,Araújo,1258.13,2056,1369,3426,1,1,2,42,42,84,0.19344243122710308,0.12881755052924668,0.16112999087817487
61,Araújo,Custió,651.69,1990,1318,3309,1,1,2,42,42,84,0.18725282588186828,0.12404506003998819,0.15564894296092824
62,Custió,Parque de Maia,1418.51,1828,1305,3133,1,1,2,42,41,83,0.17196015306801987,0.12574204789614124,0.14912379961803948
63,Parque de Maia,Forum,824.81,1557,1169,2726,1,0,1,42,43,85,0.14646958555682918,0.10963159515799538,0.12802291342999017
64,Forum,Zona Industrial,1119.4,679,608,1288,1,0,1,42,43,85,0.06392663405941822,0.05708102182174733,0.06049868473078738
65,Zona Industrial,Mandim,1194.23,574,538,1113,1,0,1,42,43,85,0.05408162711648724,0.05052412578387815,0.05230020364677728
66,Mandim,Castêlo da Maia,1468.1,542,456,998,1,0,1,40,43,83,0.053477667032560225,0.04283987270016914,0.04802375170753049
67,Castêlo da Maia,ISMAI,702.48,292,330,622,2,0,2,41,43,84,0.027550455993092304,0.030945236309119554,0.029252954925095435
68,Santo Ovídio,D. João II,463.71,1314,2208,3523,128,128,256,0,0,0,0.04756221064785325,0.07988238098923395,0.0637222958185436
69,D. João II,João de Deus,716.25,2030,3388,5419,128,128,256,0,0,0,0.0734396896649602,0.12256151130392026,0.09800060048444025
70,João de Deus,C.M.Gaia,405.01,3513,5341,8855,128,128,256,0,0,0,0.12709271189782886,0.19319288554780714,0.160142798722818
71,C.M.Gaia,General Torres,488.39,3809,6220,10029,128,126,254,0,0,0,0.13777663123420367,0.22856150232036612,0.18281164602497718
72,General Torres,Jardim do Morro,419.98,4178,7102,11280,128,128,256,0,0,0,0.15112659758625022,0.2568912835276353,0.20400894055694274
73,Jardim do Morro,São Bento,795.7,5105,7511,12617,128,128,256,0,0,0,0.18465261762915053,0.2716940306091483,0.22817332411914945
74,São Bento,Aliados,443.38,8480,8846,17326,128,128,256,0,0,0,0.30672840862697337,0.3199558291850711,0.31334211890602226
75,Aliados,Trindade,450.27,10408,9318,19726,128,128,256,0,0,0,0.3764576485428633,0.33702751514760837,0.3567425818452358
76,Trindade,Faria Guimaraes,555.34,8243,6191,14435,128,128,256,0,0,0,0.29816854239741813,0.2239406072975388,0.26105457484747846
77,Faria Guimaraes,Marques,621.04,7553,5972,13525,128,129,257,0,0,0,0.27318785345222,0.2143543747894241,0.24365665210007734
78,Marques,Combatentes,702.75,5523,4942,10465,128,129,257,0,0,0,0.19976954579624684,0.17738535539307895,0.18853390158609643
79,Combatentes,Salgueiros,471.25,4608,4329,8938,121,129,250,0,0,0,0.1763411100426395,0.15537617443609644,0.16552320326966327
80,Salgueiros,Polo Universitario,775.36,3834,4167,8001,129,129,258,0,0,0,0.13759824724072883,0.14957953342053062,0.14358889033062971
81,Polo Universitario,I.P.O.,827.64,2887,3665,6552,129,129,258,0,0,0,0.10362409755086882,0.13155343787386875,0.11758876771236879
82,I.P.O.,Hospital São João,351.77,1733,2089,3823,129,129,258,0,0,0,0.0621964893679102,0.0750071777199323,0.06860183354392126
83,Verdes (E) ,Botica,683.54,1066,1934,3001,42,42,84,0,0,0,0.11755479764005428,0.21327586859913852,0.1654153331195964
84,Botica,Aeroporto,649.66,946,1818,2765,42,42,84,0,0,0,0.10436816518597292,0.2005070546737054,0.15243760992983915
