,A,B,Distance,PassagersAtoB,PassagersBtoA,PassagersTotal,EurotramAtoB,EurotamBtoA,EurotramTotal,TraintramAtoB,TraintramBtoA,TraintramTotal,OccupancyAtoB,OccupancyBtoA,OccupancyTotal
3,Fânzeres,Venda Nova,440.45,118,555,674,46,88,134,0,0,0,0.011976650563551084,0.029235145928065875,0.023310587817859305
4,Venda Nova,Carreira,583.47,214,977,1192,46,93,139,0,0,0,0.02162693318760993,0.048654846358189965,0.03971035710749442
5,Carreira,Baguim,786.02,269,1204,1473,46,79,125,0,0,0,0.02713252757758425,0.07056232993859451,0.054580162669742735
6,Baguim,Campainha,751.7,340,1354,1694,46,74,120,0,0,0,0.03425839448314156,0.08474653956082209,0.0653927506143779
7,Campainha,Rio Tinto,859.99,491,1747,2238,46,74,120,0,0,0,0.0494464577266234,0.10929699196708988,0.08635428717491105
8,Rio Tinto,Levada,452.83,553,2029,2583,46,73,119,0,0,0,0.05573946544062802,0.12870101790668256,0.10049739258366988
9,Levada,Nau Vitória,1111.62,1102,2452,3554,46,70,116,0,0,0,0.11092662227459844,0.16218538406250269,0.14185863369833376
10,Nau Vitória,Nasoni,499.02,1127,2492,3619,46,69,115,0,0,0,0.11345444104432863,0.16720597289055925,0.145705360152067
11,Nasoni,Contumil,650.0,1153,2559,3712,46,56,102,0,0,0,0.11605966820140454,0.21155857664616726,0.16849044146519584
12,Contumil,Estádio do Dragão,619.19,1281,2987,4269,46,51,97,0,0,0,0.1289317384160725,0.27123953683558527,0.20375336438921837
13,Estádio do Dragão,Campanhã,1166.02,2968,4572,7541,94,100,194,46,92,138,0.09361896631619625,0.10294461628534632,0.09905990879504463
14,Campanhã,Heroismo,950.92,6138,8565,14703,103,95,198,90,124,214,0.13772366925800397,0.16706289225553406,0.15341941885659915
15,Heroismo,24 de Agosto,571.9,6582,9169,15751,110,95,205,90,130,220,0.1428504629845765,0.17378840825516256,0.1593648902657999
16,24 de Agosto,Bolhão,680.44,9015,11029,20044,97,94,191,90,131,221,0.20834047014819765,0.2089270113374478,0.20866280403459517
17,Bolhão,Trindade,451.8,11984,12493,24478,95,94,189,90,120,210,0.2797583636779597,0.24955095883055245,0.26348023231353407
18,Trindade,Lapa,857.4300000000001,17523,17812,35335,141,162,303,91,116,207,0.3304790640345173,0.2793660043637451,0.3025731121523379
19,Lapa,Carolina Michaelis,460.97,15978,17823,33801,141,159,300,95,115,210,0.295809714604434,0.2835251466469911,0.2892024500589455
20,Carolina Michaelis,Casa da Música,627.48,15370,16680,32050,141,163,304,113,114,227,0.2628324771527796,0.26276591247951137,0.26279783033858584
21,Casa da Música,Francos,871.87,14387,12979,27367,140,162,302,98,114,212,0.26378007491459865,0.20516776886619345,0.23230471730012164
22,Francos,Ramalde,965.03,13290,12076,25366,142,168,310,99,114,213,0.24065828430212574,0.18705250973049542,0.21176637214069804
23,Ramalde,Viso,621.15,12479,11897,24377,149,169,318,114,114,228,0.20642605434769132,0.18367401449586282,0.19465760751747185
24,Viso,Sete Bicas,743.81,11895,11473,23369,157,162,319,114,114,228,0.19130222932403793,0.18135539720155847,0.18628599640365226
25,Sete Bicas,Sra da Hora,674.5,11054,8054,19108,158,162,320,114,120,234,0.1771600296497154,0.12438339181558779,0.15028359158318533
26,Sra da Hora,Vasco da Gama,824.48,3062,2995,6058,113,92,205,0,0,0,0.1254778587487551,0.15075381417675868,0.1368212143554689
27,Vasco da Gama,Estádio do Mar,661.6,2736,2970,5706,113,95,208,0,0,0,0.11211126247290719,0.14476346513364804,0.12702452811122633
28,Estádio do Mar,Pedro Hispano,786.97,2586,2923,5509,116,92,208,0,0,0,0.10321206553282371,0.14711107601607878,0.12262893555426346
29,Pedro Hispano,Parque de Real,656.68,2323,2861,5184,130,92,222,0,0,0,0.08273017604595202,0.14400344556679884,0.10812270215369034
30,Parque de Real,C. Matosinhos,723.67,2142,2645,4788,137,92,229,0,0,0,0.07240326125880736,0.13312634866445452,0.09679856274928571
31,C. Matosinhos,Matosinhos Sul,616.61,1541,1950,3492,131,92,223,0,0,0,0.054492130331092216,0.09817584201674605,0.07251411003997182
32,Matosinhos Sul,Brito Capelo,535.72,770,816,1586,124,92,216,0,0,0,0.028763719498929224,0.04109119159220282,0.034014309464582795
33,Brito Capelo,Mercado,487.53,406,358,764,115,92,207,0,0,0,0.016369123420322422,0.018034843987861978,0.017109443672562227
34,Mercado,Sr. de Matosinhos,708.96,83,49,133,118,92,210,0,0,0,0.0032612428278624853,0.0025161030595607014,0.0029348006436540845
35,Sra da Hora,Fonte do Cuco,687.03,4318,3960,8278,61,69,130,69,69,138,0.14259039994314296,0.12368961141404113,0.1328778992120868
36,Fonte do Cuco,Custoias,689.2,4112,3923,8035,68,69,137,70,69,139,0.1283241731693814,0.12254143690357151,0.1254342492763031
37,Custoias,Esposade,1779.24,3955,3860,7815,68,69,137,77,69,146,0.11708611427586875,0.12056591942177831,0.11877926688303352
38,Esposade,Crestins,2035.56,3914,3846,7760,68,48,116,81,69,150,0.11255428965130425,0.13998359835907093,0.12466167533765461
39,Crestins,Verdes,591.8199999999999,3859,3833,7692,68,46,114,70,69,139,0.12042531141818077,0.1417119152374451,0.1301681038255089
40,Verdes,Pedras Rubras,960.78,2911,1665,4577,0,0,0,70,69,139,0.16770180229933676,0.09734226720409134,0.13277512660457466
41,Pedras Rubras,Lidador,1147.58,2664,1568,4233,0,0,0,70,69,139,0.15348077270468694,0.09168948085040543,0.1228073976115544
42,Lidador,Vilar do Pinheiro,1987.51,2586,1524,4110,0,0,0,70,69,139,0.14897467880828782,0.08906794989247378,0.11923680618101323
43,Vilar do Pinheiro,Modivas Sul,2037.38,2524,1529,4053,0,0,0,70,66,136,0.145421218507949,0.0934209762736275,0.12018580683541062
44,Modivas Sul,Modivas Centro,1051.08,2505,1530,4036,0,0,0,70,55,125,0.14430824252710445,0.1122347204831204,0.13019589282775146
45,Modivas Centro,Modivas Norte,852.51,2477,1525,4002,0,0,0,71,48,119,0.14069312315431784,0.12811340336340832,0.13561895046554762
46,Modivas Norte,Mindelo,1834.12,2392,1162,3554,0,0,0,71,48,119,0.1358684086401954,0.09762661692276593,0.12044314811551796
47,Mindelo,Espaço Natureza,776.86,2238,1175,3413,0,0,0,72,47,119,0.125353202264787,0.10086031936354967,0.1156795426315252
48,Espaço Natureza,Varziela,1539.0,2229,1158,3387,0,0,0,73,47,120,0.12313615576900337,0.09935034014506627,0.11382004464962801
49,Varziela,Árvore,858.71,2034,1100,3135,0,0,0,77,37,114,0.10652961429139474,0.11997529925152906,0.11089356467319272
50,Árvore,Azurara,664.57,2024,1108,3133,0,0,0,83,48,131,0.09836814957094604,0.0931300052093885,0.09644882949953565
51,Azurara,Santa Clara,1218.09,1980,1103,3083,0,0,0,88,48,136,0.0907489646795745,0.09269747379754044,0.09143667378003306
52,Santa Clara,Vila do Conde,670.57,1890,1055,2946,0,0,0,97,47,144,0.07860529232047854,0.09055803758460902,0.08250653556641002
53,Vila do Conde,Alto de Pega,730.41,1508,675,2183,0,0,0,100,47,147,0.06082197610583675,0.05793988193647801,0.05990049021495334
54,Alto de Pega,Portas Fronhas,671.05,1457,547,2004,0,0,0,99,46,145,0.05936237643812981,0.047994130203644896,0.055755898322362184
55,Portas Fronhas,São Brás,562.21,1139,437,1577,0,0,0,95,46,141,0.04835461142689517,0.03837987253279958,0.04510044129123278
56,São Brás,Póvoa de Varzim,624.94,1058,391,1449,0,0,0,95,46,141,0.04493564123654547,0.03427419354842526,0.04145743844467647
57,Sra da Hora,Fonte do Cuco,685.98,3045,1648,4694,3,1,4,45,45,90,0.25795631620988685,0.14494076881364493,0.20250148239433954
58,Fonte do Cuco,Cândido dos Reis,913.51,2871,1591,4462,3,1,4,45,45,90,0.24320767918363834,0.13985785542048643,0.19249565385886194
59,Cândido dos Reis,Pias,916.73,2662,1560,4223,3,1,4,45,45,90,0.2254995814409812,0.13718797171321995,0.18216655554971947
60,Pias,Araújo,1258.13,2562,1531,4094,3,1,4,45,45,90,0.21702468441888237,0.13465958175555667,0.17660950982010765
61,Araújo,Custió,651.69,2422,1500,3922,3,1,4,45,45,90,0.2051450048934119,0.1318813100235926,0.16919573846660615
62,Custió,Parque de Maia,1418.51,2231,1440,3672,3,1,4,48,56,104,0.17779268520297486,0.1021517900102475,0.13777020674415782
63,Parque de Maia,Forum,824.81,1885,1331,3216,3,0,3,69,47,116,0.1061460805667101,0.11419194543912586,0.10933422990560315
64,Forum,Zona Industrial,1119.4,745,755,1500,3,0,3,69,46,115,0.04196198654897172,0.06624585223150632,0.051459735441811635
65,Zona Industrial,Mandim,1194.23,721,680,1402,3,0,3,69,46,115,0.04063534359623944,0.059680987802601726,0.048084353096588484
66,Mandim,Castêlo da Maia,1468.1,688,612,1300,3,0,3,68,46,114,0.039289502250189,0.05364760326514224,0.044953306412657414
67,Castêlo da Maia,ISMAI,702.48,370,461,831,2,0,2,50,46,96,0.028852024963166176,0.040410238429212805,0.034291633016823767
68,Santo Ovídio,D. João II,463.71,1441,2914,4356,137,183,320,0,0,0,0.04872938632030403,0.07373284298768092,0.06302823810196019
69,D. João II,João de Deus,716.25,2398,4488,6886,137,179,316,0,0,0,0.08104096227612588,0.11609744724240366,0.10089890787411235
70,João de Deus,C.M.Gaia,405.01,4530,6957,11488,137,163,300,0,0,0,0.1530858450763442,0.19762545165217632,0.17728569798254631
71,C.M.Gaia,General Torres,488.39,5032,8150,13182,137,166,303,0,0,0,0.17004770915966416,0.22732186255150497,0.20142562817961654
72,General Torres,Jardim do Morro,419.98,5382,9546,14928,137,181,318,0,0,0,0.18188730669208947,0.24418331026304405,0.21734509488813594
73,Jardim do Morro,São Bento,795.7,6135,10132,16267,137,183,320,0,0,0,0.20733862041271045,0.2563250442833475,0.23535273156373102
74,São Bento,Aliados,443.38,9425,12528,21953,137,141,278,0,0,0,0.3185215415175134,0.4113516201309279,0.3656044231164035
75,Aliados,Trindade,450.27,11354,13317,24672,137,137,274,0,0,0,0.38370272044371273,0.4500470655676011,0.41687489300565694
76,Trindade,Faria Guimaraes,555.34,10561,12534,23096,138,137,275,0,0,0,0.35433428439386677,0.4235941552547492,0.3888382927863791
77,Faria Guimaraes,Marques,621.04,9750,12337,22088,138,158,296,0,0,0,0.3271257925664755,0.36150923601138873,0.345479117108017
78,Marques,Combatentes,702.75,7508,10875,18384,139,138,277,0,0,0,0.2500967214745705,0.3648383621729814,0.30726042694886907
79,Combatentes,Salgueiros,471.25,6470,10289,16760,148,138,286,0,0,0,0.20242011182871117,0.3451951563600798,0.2713115668823086
80,Salgueiros,Polo Universitario,775.36,5477,9965,15443,138,138,276,0,0,0,0.1837748876881729,0.33433676023107967,0.2590558239596263
81,Polo Universitario,I.P.O.,827.64,4192,7106,11298,138,138,276,0,0,0,0.14065183108516396,0.2383967199705133,0.18952427552783863
82,I.P.O.,Hospital São João,351.77,2493,4251,6745,138,138,276,0,0,0,0.08366424988260016,0.1426462694573028,0.11315525966995148
83,Verdes (E) ,Botica,683.54,980,2241,3221,68,46,114,0,0,0,0.0667262307689303,0.22559152373103786,0.13082977003434212
84,Botica,Aeroporto,649.66,835,2165,3000,68,46,114,0,0,0,0.05690979788810741,0.2178945249599255,0.12186854740831471
