,A,B,Distance,PassagersAtoB,PassagersBtoA,PassagersTotal,EurotramAtoB,EurotamBtoA,EurotramTotal,TraintramAtoB,TraintramBtoA,TraintramTotal,OccupancyAtoB,OccupancyBtoA,OccupancyTotal
3,Fânzeres,Venda Nova,440.45,38,283,321,42,69,111,0,0,0,0.004188712522045856,0.019040809787643578,0.013421097308768764
4,Venda Nova,Carreira,583.47,82,550,633,42,66,108,0,0,0,0.009147858696934436,0.038585890427324715,0.02713776697661739
5,Carreira,Baguim,786.02,116,831,948,42,62,104,0,0,0,0.012854904574008268,0.06212049211275743,0.042224774068262576
6,Baguim,Campainha,751.7,141,973,1115,60,60,120,0,0,0,0.010905427919830844,0.07514953677093682,0.04302748234538383
7,Campainha,Rio Tinto,859.99,227,1244,1471,60,60,120,0,0,0,0.017518407978474395,0.09604998806133731,0.056784198019905856
8,Rio Tinto,Levada,452.83,258,1451,1709,60,60,120,0,0,0,0.01995933525048737,0.11197531209381921,0.06596732367215329
9,Levada,Nau Vitória,1111.62,491,1630,2122,60,60,120,0,0,0,0.037946725443530234,0.12581398597371535,0.08188035570862279
10,Nau Vitória,Nasoni,499.02,510,1669,2180,60,60,120,0,0,0,0.03940273006234463,0.1288303314539114,0.08411653075812803
11,Nasoni,Contumil,650.0,545,1710,2255,60,50,110,0,0,0,0.0420905083395869,0.15836042266417197,0.09494046939621646
12,Contumil,Estádio do Dragão,619.19,662,2010,2672,60,44,104,0,0,0,0.05113010684820572,0.21150468717608564,0.11898089083307799
13,Estádio do Dragão,Campanhã,1166.02,1806,3261,5067,91,117,208,48,86,134,0.05723424927414136,0.06998327336660255,0.0648353818574153
14,Campanhã,Heroismo,950.92,4277,5765,10042,107,111,218,91,158,249,0.09363456481051341,0.09127762121345448,0.0922668272361819
15,Heroismo,24 de Agosto,571.9,4644,6289,10934,111,111,222,75,154,229,0.10909758243550048,0.10117461644704928,0.10439511785929531
16,24 de Agosto,Bolhão,680.44,6414,7653,14068,111,111,222,90,135,225,0.13856320523648077,0.13320220320995932,0.1355943782988235
17,Bolhão,Trindade,451.8,8950,8671,17621,112,122,234,90,126,216,0.19242914028031843,0.15054928064521989,0.16925909345592088
18,Trindade,Lapa,857.4300000000001,11354,11905,23259,141,153,294,90,109,199,0.2151407277802284,0.19816233556308865,0.20610211393244224
19,Lapa,Carolina Michaelis,460.97,11094,11752,22847,132,153,285,90,107,197,0.21826743305559007,0.19724069680081918,0.2069207346332213
20,Carolina Michaelis,Casa da Música,627.48,10547,10865,21412,132,160,292,90,105,195,0.20748910327397824,0.17930104123986942,0.1921596058291958
21,Casa da Música,Francos,871.87,9781,8053,17835,132,153,285,93,105,198,0.1896583764895333,0.1362997518450422,0.1611680416652572
22,Francos,Ramalde,965.03,8950,7333,16283,114,137,251,111,105,216,0.1716159064243512,0.13181663884759773,0.15107377722307874
23,Ramalde,Viso,621.15,8444,7262,15707,120,132,252,111,105,216,0.15799256707123221,0.13313661792963047,0.1454375509825965
24,Viso,Sete Bicas,743.81,8028,7042,15071,132,132,264,108,93,201,0.14519885441340438,0.13654952156442826,0.14102472095451157
25,Sete Bicas,Sra da Hora,674.5,7539,5494,13033,134,132,266,108,101,209,0.1352901204635938,0.10258415240353823,0.11926153864951929
26,Sra da Hora,Vasco da Gama,824.48,2084,1742,3826,84,91,175,0,0,0,0.11490179676939459,0.08862808682663467,0.10123946759915943
27,Vasco da Gama,Estádio do Mar,661.6,1849,1764,3613,84,92,176,0,0,0,0.101920361745427,0.08878010959703234,0.09505159357694797
28,Estádio do Mar,Pedro Hispano,786.97,1806,1748,3555,84,92,176,0,0,0,0.09959177344905293,0.08799208117255812,0.09352829794088519
29,Pedro Hispano,Parque de Real,656.68,1658,1684,3342,83,88,171,0,0,0,0.09249103395244836,0.08860140973133039,0.09048935599070344
30,Parque de Real,C. Matosinhos,723.67,1534,1576,3110,69,88,157,0,0,0,0.10292915761756671,0.08292498502448895,0.09171662775647854
31,C. Matosinhos,Matosinhos Sul,616.61,1041,1143,2184,73,88,161,0,0,0,0.06603903574964592,0.06015669712363976,0.06282384445095933
32,Matosinhos Sul,Brito Capelo,535.72,493,416,909,83,88,171,0,0,0,0.027533580464467494,0.021904423269020378,0.02463670424692746
33,Brito Capelo,Mercado,487.53,219,226,445,84,88,172,0,0,0,0.012077692418606963,0.011905185540420962,0.011989433085581569
34,Mercado,Sr. de Matosinhos,708.96,58,42,100,84,88,172,0,0,0,0.0031968649116224913,0.0022095959595959604,0.0026917505640740333
35,Sra da Hora,Fonte do Cuco,687.03,2702,2802,5504,42,42,84,63,71,134,0.10942086447711248,0.10503064835377737,0.10714098737164338
36,Fonte do Cuco,Custoias,689.2,2541,2802,5344,42,42,84,61,70,131,0.10502926778928315,0.10604250154517478,0.10555821775443813
37,Custoias,Esposade,1779.24,2440,2778,5219,42,42,84,52,64,116,0.1111095693349838,0.1114066913175754,0.11126755472750095
38,Esposade,Crestins,2035.56,2402,2766,5168,42,42,84,63,64,127,0.09729102993297097,0.11089828286643469,0.10412864712016515
39,Crestins,Verdes,591.8199999999999,2362,2717,5080,42,42,84,63,64,127,0.09567953856442075,0.10894322479934926,0.10234451417771763
40,Verdes,Pedras Rubras,960.78,1808,898,2707,0,0,0,63,64,127,0.115780015138541,0.056581854910137244,0.08594787140139265
41,Pedras Rubras,Lidador,1147.58,1662,819,2482,0,0,0,63,64,127,0.10641949002747945,0.05166289670728773,0.07882561622832772
42,Lidador,Vilar do Pinheiro,1987.51,1608,787,2395,0,0,0,63,56,119,0.10294377680225299,0.056707043913591056,0.08118531426641207
43,Vilar do Pinheiro,Modivas Sul,2037.38,1570,781,2351,0,0,0,63,44,107,0.10049501867632289,0.0716499061742394,0.08863347708668108
44,Modivas Sul,Modivas Centro,1051.08,1543,797,2341,0,0,0,63,43,106,0.0987975623503906,0.07481393757078011,0.08906835607186936
45,Modivas Centro,Modivas Norte,852.51,1510,791,2302,0,0,0,63,43,106,0.0966984475410477,0.07426261492807568,0.08759711921691754
46,Modivas Norte,Mindelo,1834.12,1414,608,2022,0,0,0,63,43,106,0.09052095121956182,0.05703891136387801,0.0769386142969731
47,Mindelo,Espaço Natureza,776.86,1320,595,1916,0,0,0,67,43,110,0.07947376176280525,0.05587781037691538,0.07024988985741194
48,Espaço Natureza,Varziela,1539.0,1321,593,1915,0,0,0,73,43,116,0.07299784302915252,0.05567695263706136,0.06657716814242907
49,Varziela,Árvore,858.71,1206,545,1752,0,0,0,84,43,127,0.057898922380835195,0.05119509150274557,0.05562912137486785
50,Árvore,Azurara,664.57,1198,551,1750,0,0,0,84,43,127,0.057552313663512863,0.051754726216554185,0.055589350984621345
51,Azurara,Santa Clara,1218.09,1160,545,1706,0,0,0,84,56,140,0.055696980064338215,0.039308233843021206,0.04914148157581141
52,Santa Clara,Vila do Conde,670.57,1104,518,1622,0,0,0,89,44,133,0.050037684207158546,0.04748794155793116,0.04919416032320362
53,Vila do Conde,Alto de Pega,730.41,790,381,1172,0,0,0,89,44,133,0.03581382300919736,0.03499926377933759,0.035544344767739995
54,Alto de Pega,Portas Fronhas,671.05,759,347,1106,0,0,0,89,44,133,0.03439467104709663,0.03187621440509211,0.033561497421170323
55,Portas Fronhas,São Brás,562.21,586,266,852,0,0,0,89,44,133,0.026554897892619046,0.024449153123030132,0.025858260525236248
56,São Brás,Póvoa de Varzim,624.94,530,242,772,0,0,0,89,44,133,0.024021013979067512,0.02217741935483871,0.023411102975563244
57,Sra da Hora,Fonte do Cuco,685.98,2081,1078,3159,0,0,0,42,41,83,0.1998559477622695,0.1060258294342371,0.15350613027492818
58,Fonte do Cuco,Cândido dos Reis,913.51,1963,1079,3042,0,0,0,42,42,84,0.1885140803010218,0.10361759161765739,0.14606583595933958
59,Cândido dos Reis,Pias,916.73,1860,1087,2947,0,0,0,42,42,84,0.17859062287278468,0.10441962989689366,0.14150512638483917
60,Pias,Araújo,1258.13,1824,1060,2885,0,0,0,42,42,84,0.17513698305445055,0.10186162427850125,0.13849930366647592
61,Araújo,Custió,651.69,1770,1036,2806,0,0,0,45,42,87,0.1586085262783706,0.09952386332212876,0.13008489588570213
62,Custió,Parque de Maia,1418.51,1664,977,2642,0,0,0,53,42,95,0.12666159046477438,0.09388131261735175,0.11216925710065068
63,Parque de Maia,Forum,824.81,1481,903,2385,0,0,0,56,42,98,0.1066713054368299,0.08676359485921803,0.09813942947499624
64,Forum,Zona Industrial,1119.4,711,465,1176,0,0,0,43,42,85,0.06670799732550013,0.044676622300386985,0.05582190613662069
65,Zona Industrial,Mandim,1194.23,665,411,1077,0,0,0,43,42,85,0.062396585124341625,0.03952115133828252,0.05109342960652418
66,Mandim,Castêlo da Maia,1468.1,656,399,1056,0,0,0,43,42,85,0.061553712660274,0.03837858640299426,0.05010247380373578
67,Castêlo da Maia,ISMAI,702.48,348,254,603,0,0,0,43,42,85,0.032654463013763305,0.024481566820276492,0.02861609077698159
68,Santo Ovídio,D. João II,463.71,821,2290,3111,84,84,168,0,0,0,0.04524911816578484,0.12623623194060815,0.0857426750531965
69,D. João II,João de Deus,716.25,1226,3253,4480,84,84,168,0,0,0,0.06760799692255676,0.179338693521011,0.1234733452217839
70,João de Deus,C.M.Gaia,405.01,2547,5155,7702,84,84,168,0,0,0,0.14039265840427154,0.28415298088602126,0.2122728196451464
71,C.M.Gaia,General Torres,488.39,2910,5955,8866,84,84,168,0,0,0,0.16039512930671165,0.32825961813798094,0.24432737372234625
72,General Torres,Jardim do Morro,419.98,3094,6846,9940,84,84,168,0,0,0,0.17053057057774215,0.3773153426534952,0.27392295661561866
73,Jardim do Morro,São Bento,795.7,3422,7278,10700,84,72,156,0,0,0,0.18863841750867197,0.4679785295983346,0.31756462308851624
74,São Bento,Aliados,443.38,5374,8531,13905,84,83,167,0,0,0,0.29621756075116845,0.4758617568796073,0.38550180194075184
75,Aliados,Trindade,450.27,6618,8916,15535,87,84,171,0,0,0,0.3522148960590378,0.4914182185145035,0.4205954755108455
76,Trindade,Faria Guimaraes,555.34,6856,7329,14185,99,84,183,0,0,0,0.3206275749577216,0.403961021862131,0.3588789932089259
77,Faria Guimaraes,Marques,621.04,6309,7230,13539,84,84,168,0,0,0,0.3477247905547544,0.39852248417603003,0.3731236373653922
78,Marques,Combatentes,702.75,4844,6082,10927,84,84,168,0,0,0,0.26702895336274096,0.33520940263825594,0.3011191780004985
79,Combatentes,Salgueiros,471.25,4042,5575,9618,84,84,168,0,0,0,0.22280434999836554,0.3072951005238658,0.2650497252611157
80,Salgueiros,Polo Universitario,775.36,3495,5306,8801,84,84,168,0,0,0,0.19265014106398512,0.2924439699648777,0.2425470555144314
81,Polo Universitario,I.P.O.,827.64,2705,3859,6565,84,84,168,0,0,0,0.1491031779978917,0.212728653443848,0.18091591572086985
82,I.P.O.,Hospital São João,351.77,1601,2211,3812,84,84,168,0,0,0,0.0882438495436939,0.12185846560846561,0.10505115757607975
83,Verdes (E) ,Botica,683.54,609,1890,2500,44,42,86,0,0,0,0.06414989756717884,0.2084270483829962,0.1346108316865315
84,Botica,Aeroporto,649.66,498,1853,2352,45,42,87,0,0,0,0.05130823252125541,0.2043650793650793,0.12519774479068765
