,A,B,Distance,PassagersAtoB,PassagersBtoA,PassagersTotal,EurotramAtoB,EurotamBtoA,EurotramTotal,TraintramAtoB,TraintramBtoA,TraintramTotal,OccupancyAtoB,OccupancyBtoA,OccupancyTotal
3,Fânzeres,Venda Nova,440.45,544,765,1310,89,88,177,0,0,0,0.028349979192624223,0.04024941057331598,0.03426608067003029
4,Venda Nova,Carreira,583.47,1007,1349,2357,102,88,190,0,0,0,0.04574172035541657,0.0710107699474486,0.057445280166462984
5,Carreira,Baguim,786.02,1354,1629,2983,110,87,197,0,0,0,0.05699582138127704,0.08670321671166291,0.07011533099418857
6,Baguim,Campainha,751.7,1736,1813,3549,89,87,176,0,0,0,0.0903301980219785,0.09649356406876797,0.0933768619201074
7,Campainha,Rio Tinto,859.99,2268,2306,4574,89,94,183,0,0,0,0.11798274343789747,0.11359576178854354,0.11572932116992332
8,Rio Tinto,Levada,452.83,2658,2608,5267,89,90,179,0,0,0,0.13827987035613024,0.13419360083784793,0.1362253214363235
9,Levada,Nau Vitória,1111.62,3478,3338,6816,88,88,176,0,0,0,0.18300197819884229,0.17563029853388765,0.17931613836636495
10,Nau Vitória,Nasoni,499.02,3644,3481,7126,88,87,175,0,0,0,0.19174159991713696,0.1852734330360183,0.18852599695338082
11,Nasoni,Contumil,650.0,3719,3568,7287,91,87,178,0,0,0,0.18921235729582206,0.18990589594641796,0.1895513340520122
12,Contumil,Estádio do Dragão,619.19,4364,4491,8856,92,87,179,0,0,0,0.21965049911702053,0.23900891839649588,0.22905933977240797
13,Estádio do Dragão,Campanhã,1166.02,8524,7831,16356,253,256,509,109,111,220,0.10436771594132074,0.09455833891836588,0.09942891905766313
14,Campanhã,Heroismo,950.92,16163,15113,31276,260,275,535,198,199,397,0.1535476826288099,0.13897579098959412,0.14614299157978555
15,Heroismo,24 de Agosto,571.9,17612,16405,34018,255,261,516,198,198,396,0.16904815604705353,0.15553606921971208,0.1622503513760181
16,24 de Agosto,Bolhão,680.44,23919,19985,43904,251,257,508,209,200,409,0.2255534255510252,0.19013416985590784,0.20792229842171486
17,Bolhão,Trindade,451.8,29979,26513,56492,252,257,509,215,218,433,0.27822299314526433,0.24196095365036663,0.25993980257758365
18,Trindade,Lapa,857.4300000000001,34701,36692,71393,252,258,510,198,203,401,0.33516128553983976,0.34592254100283526,0.34060701227484447
19,Lapa,Carolina Michaelis,460.97,33242,36500,69743,222,274,496,197,200,397,0.3433834509516466,0.3355347676046104,0.33923051129823606
20,Carolina Michaelis,Casa da Música,627.48,31650,34346,65997,235,263,498,195,198,393,0.3193180724185563,0.32429365145279065,0.32188827378553236
21,Casa da Música,Francos,871.87,28449,27646,56096,260,287,547,179,198,377,0.28293307581468247,0.248856644234129,0.2650460405350051
22,Francos,Ramalde,965.03,26187,25788,51975,255,260,515,179,214,393,0.26326008152144237,0.2360889904592442,0.24903921072401622
23,Ramalde,Viso,621.15,25004,24833,49838,250,260,510,199,209,408,0.24193320446122416,0.22996024280968153,0.23581529207822113
24,Viso,Sete Bicas,743.81,23651,23573,47224,250,260,510,203,199,402,0.22666645495843737,0.22341581109222192,0.2250320869364979
25,Sete Bicas,Sra da Hora,674.5,20701,22457,43159,250,271,521,206,199,405,0.19699654824981758,0.2081522302965847,0.20264772126772385
26,Sra da Hora,Vasco da Gama,824.48,8947,8377,17324,133,134,267,0,0,0,0.31144478423045835,0.2894255009051178,0.3003939079548193
27,Vasco da Gama,Estádio do Mar,661.6,8738,8267,17005,152,134,286,0,0,0,0.2661502226238779,0.2856371517225112,0.2752804621316292
28,Estádio do Mar,Pedro Hispano,786.97,8470,8201,16672,145,134,279,0,0,0,0.2704377872976631,0.28337174472317644,0.2766497955235369
29,Pedro Hispano,Parque de Real,656.68,7769,7396,15165,134,134,268,0,0,0,0.2684200454570955,0.2555308418074724,0.261975443632284
30,Parque de Real,C. Matosinhos,723.67,7510,7091,14601,135,136,271,0,0,0,0.2575531076406068,0.24140102635258692,0.24944726610861157
31,C. Matosinhos,Matosinhos Sul,616.61,5971,5203,11174,150,134,284,0,0,0,0.18430213059438297,0.17977383797552662,0.18216554182351413
32,Matosinhos Sul,Brito Capelo,535.72,2817,3207,6024,136,134,270,0,0,0,0.09589633327564853,0.11081698545627573,0.10330139769121906
33,Brito Capelo,Mercado,487.53,1590,1753,3344,133,134,267,0,0,0,0.055381441525301944,0.06059533562819277,0.05799815242338198
34,Mercado,Sr. de Matosinhos,708.96,457,369,827,131,118,249,0,0,0,0.016155978361428455,0.014516635279343885,0.015379100916906448
35,Sra da Hora,Fonte do Cuco,687.03,8320,10691,19011,120,124,244,110,110,220,0.1564031024007465,0.197752995691971,0.17724458352112948
36,Fonte do Cuco,Custoias,689.2,7934,10407,18342,120,124,244,102,110,212,0.15492604642449076,0.19250652959342368,0.17422459545607502
37,Custoias,Esposade,1779.24,7686,10289,17975,120,124,244,70,83,153,0.1775927465274849,0.21722655491335,0.19830334395513538
38,Esposade,Crestins,2035.56,7593,10240,17834,118,124,242,104,88,192,0.1480813412434444,0.21067910069884688,0.1785429771917886
39,Crestins,Verdes,591.8199999999999,7460,10142,17603,106,124,230,110,88,198,0.14869143398075135,0.20866432318248515,0.1782019032704934
40,Verdes,Pedras Rubras,960.78,4993,5199,10192,0,0,0,110,88,198,0.18303374138693637,0.23823513946093455,0.20756769608649112
41,Pedras Rubras,Lidador,1147.58,4401,4606,9007,0,0,0,110,88,198,0.1613491303767942,0.2110529657104714,0.1834397238584285
42,Lidador,Vilar do Pinheiro,1987.51,4218,4451,8669,0,0,0,110,88,198,0.1546329147834076,0.20396983073483746,0.1765604329840431
43,Vilar do Pinheiro,Modivas Sul,2037.38,4127,4402,8530,0,0,0,110,88,198,0.15130676546970256,0.20174329712833824,0.17372300176242955
44,Modivas Sul,Modivas Centro,1051.08,4099,4357,8457,0,0,0,108,88,196,0.15307275204827547,0.19968773751287655,0.1740019291956474
45,Modivas Centro,Modivas Norte,852.51,4056,4365,8421,0,0,0,108,81,189,0.15143725346938694,0.217335597120829,0.1796794007485764
46,Modivas Norte,Mindelo,1834.12,3317,4096,7414,0,0,0,107,87,194,0.12503452468578366,0.18984579179394387,0.15409937127552562
47,Mindelo,Espaço Natureza,776.86,3185,3985,7170,0,0,0,96,87,183,0.1338009956780341,0.18471696423626693,0.1580069479434235
48,Espaço Natureza,Varziela,1539.0,3168,3968,7137,0,0,0,105,88,193,0.12168400610949373,0.1818485733842066,0.14911655491868925
49,Varziela,Árvore,858.71,2981,3829,6810,0,0,0,110,88,198,0.10927563309298642,0.17549261745065395,0.13870540391861644
50,Árvore,Azurara,664.57,2970,3814,6785,0,0,0,109,88,197,0.10988725948847865,0.17479148699385946,0.13888001086144064
51,Azurara,Santa Clara,1218.09,2952,3768,6720,0,0,0,106,88,194,0.11231985055606278,0.17266336437935784,0.13969216610477395
52,Santa Clara,Vila do Conde,670.57,2878,3606,6485,0,0,0,93,85,178,0.12481606710627036,0.1710906273662736,0.1469134694776202
53,Vila do Conde,Alto de Pega,730.41,2309,2751,5060,0,0,0,100,110,210,0.09313181387071161,0.10084609247822825,0.0971726264746489
54,Alto de Pega,Portas Fronhas,671.05,2235,2639,4875,0,0,0,110,110,220,0.0819483856794914,0.09677352234276705,0.08936095401112921
55,Portas Fronhas,São Brás,562.21,1874,2200,4075,0,0,0,110,110,220,0.06872183495286122,0.08068114165702782,0.07470148830494452
56,São Brás,Póvoa de Varzim,624.94,1803,2101,3904,0,0,0,110,110,220,0.06609825065018173,0.07701612903231786,0.0715571898412498
57,Sra da Hora,Fonte do Cuco,685.98,4562,5346,9909,0,0,0,88,88,176,0.20907742524518277,0.24500229599072354,0.22703986061795317
58,Fonte do Cuco,Cândido dos Reis,913.51,4350,5323,9673,0,0,0,88,88,176,0.1993285249074905,0.24393151500915963,0.22163001995832504
59,Cândido dos Reis,Pias,916.73,4132,5127,9260,0,0,0,88,88,176,0.18936499641819324,0.23496957888610162,0.21216728765214743
60,Pias,Araújo,1258.13,3912,5046,8958,0,0,0,88,66,154,0.17926709516293476,0.3083147948159012,0.23457325215706323
61,Araújo,Custió,651.69,3778,4904,8682,0,0,0,89,84,173,0.17119881272232607,0.23540928643136866,0.20237615255793057
62,Custió,Parque de Maia,1418.51,3587,4765,8352,0,0,0,90,87,177,0.16073424521571908,0.2208548325463464,0.1902850423782308
63,Parque de Maia,Forum,824.81,3288,4251,7540,0,0,0,89,87,176,0.14898561357693924,0.19706450731395184,0.17275188491284887
64,Forum,Zona Industrial,1119.4,1604,2242,3846,0,0,0,65,44,109,0.0995236538775614,0.2054795055799442,0.14229482337210125
65,Zona Industrial,Mandim,1194.23,1521,2162,3683,0,0,0,46,44,90,0.13335096511493436,0.19814308686190238,0.16502711352456317
66,Mandim,Castêlo da Maia,1468.1,1449,2094,3543,0,0,0,44,44,88,0.13280434739136546,0.19196290103971045,0.16238362421553795
67,Castêlo da Maia,ISMAI,702.48,920,1398,2318,0,0,0,44,44,88,0.08439457837292778,0.12811583577801272,0.10625520707547025
68,Santo Ovídio,D. João II,463.71,7127,5431,12559,440,440,880,0,0,0,0.0749999999995401,0.05715064555427304,0.06607532277690657
69,D. João II,João de Deus,716.25,9504,8122,17626,440,440,880,0,0,0,0.1000071540292898,0.08546069633625437,0.09273392518277208
70,João de Deus,C.M.Gaia,405.01,15540,13174,28715,440,436,876,0,0,0,0.16351493505266695,0.13989603933641623,0.1517594116139851
71,C.M.Gaia,General Torres,488.39,18372,14817,33189,440,440,880,0,0,0,0.19331709213971168,0.15590403044337262,0.17461056129154215
72,General Torres,Jardim do Morro,419.98,20289,16395,36684,440,440,880,0,0,0,0.21348823024249955,0.17250641852606385,0.1929973243842817
73,Jardim do Morro,São Bento,795.7,20788,17887,38675,442,438,880,0,0,0,0.21774020907327815,0.1890655405302911,0.20346804450301867
74,São Bento,Aliados,443.38,23852,25408,49261,440,440,880,0,0,0,0.2509736676827185,0.26734742941691314,0.25916054854981585
75,Aliados,Trindade,450.27,25072,28264,53337,440,440,880,0,0,0,0.2638146196208445,0.2973993076170868,0.28060696361896564
76,Trindade,Faria Guimaraes,555.34,21255,25041,46296,440,428,868,0,0,0,0.2236471492845849,0.2708689830369478,0.2469316479551048
77,Faria Guimaraes,Marques,621.04,20219,23603,43822,440,438,878,0,0,0,0.2127470444584608,0.24948712285790756,0.23107523846638528
78,Marques,Combatentes,702.75,17030,18636,35667,440,440,880,0,0,0,0.17919540596373731,0.1960943501505405,0.18764487805713892
79,Combatentes,Salgueiros,471.25,15159,16482,31641,440,440,880,0,0,0,0.1595026346243736,0.17342238997136666,0.16646251229787015
80,Salgueiros,Polo Universitario,775.36,13926,15175,29101,440,450,890,0,0,0,0.14653297256742312,0.15612652239373637,0.15138364382791858
81,Polo Universitario,I.P.O.,827.64,10715,12500,23215,440,440,880,0,0,0,0.11274408804988152,0.13152453617325477,0.12213431211156814
82,I.P.O.,Hospital São João,351.77,4560,6216,10777,440,440,880,0,0,0,0.04799017040267532,0.06541456228924776,0.05670236634596155
83,Verdes (E) ,Botica,683.54,2591,5123,7714,91,124,215,0,0,0,0.13184124943763764,0.1912803749930055,0.16612241952538467
84,Botica,Aeroporto,649.66,2474,4922,7397,79,86,165,0,0,0,0.14503035811567871,0.26501937984474755,0.20757009065325396
