,A,B,Distance,PassagersAtoB,PassagersBtoA,PassagersTotal,EurotramAtoB,EurotamBtoA,EurotramTotal,TraintramAtoB,TraintramBtoA,TraintramTotal,OccupancyAtoB,OccupancyBtoA,OccupancyTotal
3,Fânzeres,Venda Nova,440.45,480,850,1330,95,80,175,0,0,0,0.023391812865497075,0.04921980677989523,0.03519889579779338
4,Venda Nova,Carreira,583.47,881,1541,2423,95,80,175,0,0,0,0.04297202219389779,0.08920640792367766,0.0641077413846543
5,Carreira,Baguim,786.02,1230,1998,3228,95,83,178,0,0,0,0.0599461420766723,0.11146269441597655,0.08396790524612316
6,Baguim,Campainha,751.7,1507,2244,3751,88,81,169,0,0,0,0.07928551398580942,0.12828312179772317,0.10276957453471483
7,Campainha,Rio Tinto,859.99,2119,2796,4916,89,80,169,0,0,0,0.11027617316435698,0.16182468253594048,0.13467783440534326
8,Rio Tinto,Levada,452.83,2390,3299,5689,90,80,170,0,0,0,0.12296147289648648,0.1909442148004098,0.1549533514395092
9,Levada,Nau Vitória,1111.62,3109,4324,7434,94,80,174,0,0,0,0.15317036595747818,0.2502642362953177,0.19781122588292163
10,Nau Vitória,Nasoni,499.02,3314,4418,7732,95,80,175,0,0,0,0.16151873742708003,0.25567368023269704,0.2045609969953621
11,Nasoni,Contumil,650.0,3456,4469,7925,95,80,175,0,0,0,0.16842503744346543,0.2586366849728252,0.2096646477426013
12,Contumil,Estádio do Dragão,619.19,3973,5291,9264,98,80,178,0,0,0,0.18772151454962258,0.3062030907960656,0.2409716611772374
13,Estádio do Dragão,Campanhã,1166.02,7815,9706,17522,253,224,477,108,95,203,0.09597952979138469,0.13491901923854038,0.11424485571451587
14,Campanhã,Heroismo,950.92,15318,18116,33435,259,230,489,168,165,333,0.1569439749268657,0.19995751045262075,0.17764992960803444
15,Heroismo,24 de Agosto,571.9,16610,19485,36096,243,221,464,169,164,333,0.17595951537278903,0.22040988594123959,0.19745621333576427
16,24 de Agosto,Bolhão,680.44,21996,23717,45714,243,224,467,183,165,348,0.22474754326701,0.26558393015963366,0.24423109187932604
17,Bolhão,Trindade,451.8,28576,30768,59345,243,230,473,171,169,340,0.301140183729197,0.33592725528816286,0.3182255589717263
18,Trindade,Lapa,857.4300000000001,34258,41805,76064,236,232,468,174,178,352,0.3639557359230266,0.4435338870972408,0.4037718467237142
19,Lapa,Carolina Michaelis,460.97,33853,41292,75145,226,231,457,174,170,344,0.368098255029862,0.4485546100073885,0.4083456695725911
20,Carolina Michaelis,Casa da Música,627.48,32274,39037,71311,224,225,449,174,170,344,0.3525848759216879,0.430114085935249,0.3911844672502459
21,Casa da Música,Francos,871.87,30227,30825,61052,224,227,451,174,167,341,0.33022140950420803,0.34080779717102916,0.3354829577265168
22,Francos,Ramalde,965.03,28751,27338,56089,225,230,455,175,162,337,0.3125172946650993,0.3042428657526177,0.3084288560963419
23,Ramalde,Viso,621.15,27644,26137,53782,231,231,462,174,167,341,0.2971000159053027,0.2862473957813399,0.291724801928522
24,Viso,Sete Bicas,743.81,26438,24563,51002,220,222,442,174,168,342,0.29158318835898045,0.2741022644102631,0.2828939218487953
25,Sete Bicas,Sra da Hora,674.5,22722,22177,44900,203,216,419,186,170,356,0.2525409919127837,0.24970231135436802,0.25113086029349285
26,Sra da Hora,Vasco da Gama,824.48,8189,9081,17271,117,119,236,0,0,0,0.3240697293815827,0.3533089773899492,0.3388132485044455
27,Vasco da Gama,Estádio do Mar,661.6,8051,8728,16780,119,119,238,0,0,0,0.3132454774284218,0.3395940163214187,0.32641974687492026
28,Estádio do Mar,Pedro Hispano,786.97,7925,8513,16439,126,120,246,0,0,0,0.2912146853329421,0.3284563220183088,0.3093813373745844
29,Pedro Hispano,Parque de Real,656.68,7282,7910,15193,125,134,259,0,0,0,0.26973778938071796,0.27329684550255995,0.27157915432406476
30,Parque de Real,C. Matosinhos,723.67,7026,7689,14715,120,118,238,0,0,0,0.2710696535485291,0.3016729457755785,0.2862427144005956
31,C. Matosinhos,Matosinhos Sul,616.61,5406,6042,11448,120,118,238,0,0,0,0.20856981242495928,0.2370663017641084,0.22269832394605002
32,Matosinhos Sul,Brito Capelo,535.72,2296,3059,5356,118,130,248,0,0,0,0.09011236843318085,0.10894764606307247,0.09998569944884984
33,Brito Capelo,Mercado,487.53,1200,1667,2868,120,139,259,0,0,0,0.04630113223538723,0.05555446009093352,0.05126720394164567
34,Mercado,Sr. de Matosinhos,708.96,301,301,602,123,118,241,0,0,0,0.011355719858785461,0.011809478970495921,0.011577892369913405
35,Sra da Hora,Fonte do Cuco,687.03,8550,8841,17391,90,75,165,94,95,189,0.20000663826834192,0.22236498387340048,0.21078043870048666
36,Fonte do Cuco,Custoias,689.2,8161,8609,16771,90,75,165,95,121,216,0.1898068910506514,0.1863291552771006,0.18800549190904708
37,Custoias,Esposade,1779.24,7894,8453,16347,90,75,165,92,99,191,0.18682597842966306,0.2074331448897588,0.1969428737600146
38,Esposade,Crestins,2035.56,7781,8331,16112,92,75,167,80,95,175,0.19594014645796962,0.20954937752530672,0.2027488718862629
39,Crestins,Verdes,591.8199999999999,7718,8298,16017,92,91,183,81,95,176,0.1931657304256071,0.19203454688150107,0.19257799805037762
40,Verdes,Pedras Rubras,960.78,5743,4340,10084,0,0,0,80,95,175,0.28948177941076525,0.1842502906127257,0.23235611406325807
41,Pedras Rubras,Lidador,1147.58,5183,3751,8934,0,0,0,80,95,175,0.2612523923206734,0.15923921232293695,0.20587380889333076
42,Lidador,Vilar do Pinheiro,1987.51,5006,3609,8615,0,0,0,80,111,191,0.25231895251647596,0.13112684722079648,0.1818879384441177
43,Vilar do Pinheiro,Modivas Sul,2037.38,4836,3530,8367,0,0,0,80,113,193,0.24379662835978474,0.12597705946915072,0.17481418647044983
44,Modivas Sul,Modivas Centro,1051.08,4780,3537,8317,0,0,0,80,110,190,0.24096728766020475,0.12965691855364664,0.1765244423879869
45,Modivas Centro,Modivas Norte,852.51,4755,3479,8235,0,0,0,80,98,178,0.23971444935422367,0.14317798443818933,0.18656515968135082
46,Modivas Norte,Mindelo,1834.12,4156,3148,7304,0,0,0,80,95,175,0.20949612340042592,0.1336406200118947,0.16831742156093754
47,Mindelo,Espaço Natureza,776.86,3988,3129,7117,0,0,0,79,95,174,0.20356093398368388,0.1328443384500411,0.1649512984911778
48,Espaço Natureza,Varziela,1539.0,3980,3071,7051,0,0,0,79,95,174,0.2031774588897074,0.13035575435286284,0.16341848227476352
49,Varziela,Árvore,858.71,3702,2917,6619,0,0,0,80,97,177,0.18664027511019496,0.1212604692523867,0.15081066399037912
50,Árvore,Azurara,664.57,3709,2907,6616,0,0,0,84,98,182,0.1780436042041391,0.11963161822835702,0.14659099637102566
51,Azurara,Santa Clara,1218.09,3678,2878,6556,0,0,0,85,95,180,0.17448938724174431,0.12218791149153756,0.14688583059580188
52,Santa Clara,Vila do Conde,670.57,3598,2745,6344,0,0,0,86,125,211,0.16873463821628987,0.08856744702492562,0.1212422263730646
53,Vila do Conde,Alto de Pega,730.41,2841,2191,5033,0,0,0,96,110,206,0.1193637898250268,0.08034070032751699,0.0985262177632497
54,Alto de Pega,Portas Fronhas,671.05,2776,2128,4905,0,0,0,95,110,205,0.11785073693845892,0.07802408243611446,0.09648033696159115
55,Portas Fronhas,São Brás,562.21,2254,1823,4078,0,0,0,95,110,205,0.09570495201867352,0.0668526409037782,0.08022322410336383
56,São Brás,Póvoa de Varzim,624.94,2145,1771,3916,0,0,0,95,110,205,0.0910665428964476,0.06491935483870968,0.07703634442644189
57,Sra da Hora,Fonte do Cuco,685.98,6103,5623,11727,1,5,6,89,74,163,0.27385474083863204,0.2893901158664037,0.281090680616668
58,Fonte do Cuco,Cândido dos Reis,913.51,5923,5633,11556,1,5,6,79,74,153,0.29903975708857766,0.28989361371884675,0.2945105048469719
59,Cândido dos Reis,Pias,916.73,5633,5414,11047,0,5,5,80,92,172,0.2839420214787876,0.22656917448989336,0.25259526933760834
60,Pias,Araújo,1258.13,5414,5227,10641,0,5,5,80,83,163,0.27290927296229023,0.24129332653587168,0.25640657771889364
61,Araújo,Custió,651.69,5290,5002,10293,0,5,5,80,75,155,0.2666410683913452,0.2542162643262835,0.2604538177840473
62,Custió,Parque de Maia,1418.51,5032,4807,9839,0,5,5,80,75,155,0.25365049170396076,0.2442629226361515,0.24897571034630678
63,Parque de Maia,Forum,824.81,4570,4280,8850,0,5,5,80,75,155,0.23034491817184755,0.21750924192319904,0.2239530631978242
64,Forum,Zona Industrial,1119.4,2071,1768,3840,0,5,5,41,35,76,0.20375650439393894,0.18118846180726092,0.19270350882760126
65,Zona Industrial,Mandim,1194.23,1986,1632,3619,0,31,31,44,39,83,0.18203648853636012,0.09976505161477117,0.13267362638340674
66,Mandim,Castêlo da Maia,1468.1,1922,1552,3474,0,35,35,40,40,80,0.1937657412193675,0.08880776798083682,0.1268071509927428
67,Castêlo da Maia,ISMAI,702.48,1197,978,2176,0,30,30,40,40,80,0.12067980782756907,0.0596951219512195,0.08268023152163698
68,Santo Ovídio,D. João II,463.71,6315,6565,12880,370,348,718,0,0,0,0.07901651651651653,0.08734702851657314,0.08305414628813172
69,D. João II,João de Deus,716.25,8266,9874,18140,340,358,698,0,0,0,0.11255843202799057,0.12769271258949788,0.12032071346211609
70,João de Deus,C.M.Gaia,405.01,13949,16551,30500,338,346,684,0,0,0,0.19107125477201045,0.22145973578126785,0.20644320569189797
71,C.M.Gaia,General Torres,488.39,16008,18416,34425,346,344,690,0,0,0,0.2142060326913934,0.24785676800578704,0.23098263116697515
72,General Torres,Jardim do Morro,419.98,17137,20589,37727,366,354,720,0,0,0,0.2167716621234824,0.26927601946012913,0.24258630448066704
73,Jardim do Morro,São Bento,795.7,18144,22035,40179,348,348,696,0,0,0,0.24137948692258798,0.29315395045789744,0.2672667186902427
74,São Bento,Aliados,443.38,23278,29441,52719,346,350,696,0,0,0,0.31147457037852827,0.3894366817080899,0.3506796550988538
75,Aliados,Trindade,450.27,26148,31750,57899,370,352,722,0,0,0,0.3271852762103236,0.41759217999572246,0.3712617722386621
76,Trindade,Faria Guimaraes,555.34,21806,28205,50012,354,364,718,0,0,0,0.2851847437843576,0.3587438688159845,0.32247655647448603
77,Faria Guimaraes,Marques,621.04,20439,27225,47664,344,352,696,0,0,0,0.2750779036153275,0.3580805474884727,0.31705625224082623
78,Marques,Combatentes,702.75,15858,22681,38540,342,344,686,0,0,0,0.21468186272420978,0.3052540887952255,0.2601000052437862
79,Combatentes,Salgueiros,471.25,13804,20481,34285,354,344,698,0,0,0,0.18053355886500563,0.2756417661120001,0.22740637160564475
80,Salgueiros,Polo Universitario,775.36,12421,18894,31315,372,350,722,0,0,0,0.15458831098185424,0.24992352260168973,0.2008034412684781
81,Polo Universitario,I.P.O.,827.64,9665,15147,24812,344,348,692,0,0,0,0.13008571960454526,0.20150905964465327,0.16600381546286547
82,I.P.O.,Hospital São João,351.77,4906,7120,12027,344,342,686,0,0,0,0.06602769224871581,0.09639646956898418,0.08116781155415573
83,Verdes (E) ,Botica,683.54,2177,4179,6356,98,110,208,0,0,0,0.10287141665284534,0.1758961633921712,0.1414902731015273
84,Botica,Aeroporto,649.66,2008,4008,6016,93,95,188,0,0,0,0.09999515868117065,0.19532163742690062,0.14816545379204482
