,A,B,Distance,PassagersAtoB,PassagersBtoA,PassagersTotal,EurotramAtoB,EurotamBtoA,EurotramTotal,TraintramAtoB,TraintramBtoA,TraintramTotal,OccupancyAtoB,OccupancyBtoA,OccupancyTotal
3,Fânzeres,Venda Nova,440.45,566,912,1478,79,79,158,0,0,0,0.03316924519456166,0.053463829938178116,0.043316537566369884
4,Venda Nova,Carreira,583.47,1049,1607,2656,79,79,158,0,0,0,0.0615109646876998,0.09417827536294521,0.0778446200253225
5,Carreira,Baguim,786.02,1534,2026,3561,78,80,158,0,0,0,0.09108734951046801,0.117274980054467,0.10434690927958142
6,Baguim,Campainha,751.7,1921,2179,4100,69,82,151,0,0,0,0.12891380664334773,0.12303958272144591,0.1257238307387388
7,Campainha,Rio Tinto,859.99,2615,2601,5217,81,76,157,0,0,0,0.14948674833715614,0.15849920627402111,0.15384946682888695
8,Rio Tinto,Levada,452.83,3034,2955,5989,80,78,158,0,0,0,0.1755970283585915,0.1753921909657657,0.1754959061013737
9,Levada,Nau Vitória,1111.62,3882,3825,7708,80,78,158,0,0,0,0.2246935040091007,0.22707041617618812,0.22586691634475145
10,Nau Vitória,Nasoni,499.02,4176,3899,8076,80,79,159,0,0,0,0.24170715128270318,0.2285186710298232,0.23515438436460556
11,Nasoni,Contumil,650.0,4291,3979,8271,80,79,159,0,0,0,0.24837097332719393,0.23323604450365443,0.24085110303122145
12,Contumil,Estádio do Dragão,619.19,5032,4729,9762,77,79,156,0,0,0,0.30259489127653616,0.2771874338699909,0.2897282942565549
13,Estádio do Dragão,Campanhã,1166.02,8943,8724,17667,210,211,421,95,95,190,0.12976577416824753,0.1261928307118072,0.1279765073576456
14,Campanhã,Heroismo,950.92,17319,17089,34409,213,216,429,167,168,335,0.19811431912843708,0.1934962106589711,0.1957934925851512
15,Heroismo,24 de Agosto,571.9,18968,18832,37800,202,212,414,182,168,350,0.21368736853831358,0.2153328227455578,0.2145039703811315
16,24 de Agosto,Bolhão,680.44,25221,23453,48675,199,214,413,182,169,351,0.28621442971109967,0.2661111146473893,0.2761618597194104
17,Bolhão,Trindade,451.8,30886,31102,61989,204,214,418,170,170,340,0.35821253367658074,0.3519065675554366,0.3550205464271351
18,Trindade,Lapa,857.4300000000001,36006,43525,79532,197,215,412,173,172,345,0.4213511889299793,0.4885194196022708,0.45563564674185475
19,Lapa,Carolina Michaelis,460.97,35756,42688,78444,203,219,422,170,169,339,0.41572907149623695,0.47848351879853135,0.4476807491803527
20,Carolina Michaelis,Casa da Música,627.48,34194,39995,74189,209,216,425,162,169,331,0.4007757406587039,0.4515822862994205,0.4266535133302338
21,Casa da Música,Francos,871.87,31509,33207,64717,210,210,420,167,178,345,0.36311508525754943,0.37101683466454627,0.36712710124872167
22,Francos,Ramalde,965.03,29477,30316,59794,213,186,399,172,184,356,0.33246276648706646,0.35330662100277976,0.342714093165756
23,Ramalde,Viso,621.15,27840,28920,56760,209,192,401,173,174,347,0.31619746329615256,0.34174729361613543,0.3287190582333643
24,Viso,Sete Bicas,743.81,26627,27234,53861,208,210,418,172,170,342,0.3040170620709563,0.3111824605459704,0.3075984518423677
25,Sete Bicas,Sra da Hora,674.5,22947,25831,48778,209,213,422,169,171,340,0.2635896612671006,0.2921585220008258,0.2779848034586357
26,Sra da Hora,Vasco da Gama,824.48,8662,8127,16790,120,120,240,0,0,0,0.3342040604134773,0.31355837185681373,0.3238812161351455
27,Vasco da Gama,Estádio do Mar,661.6,8689,7797,16487,121,120,241,0,0,0,0.33246955820395946,0.300841007175425,0.31672090209016635
28,Estádio do Mar,Pedro Hispano,786.97,8487,7847,16335,123,120,243,0,0,0,0.3194736452134349,0.30275392463346107,0.3112169930751762
29,Pedro Hispano,Parque de Real,656.68,7853,7218,15071,118,122,240,0,0,0,0.30812718567666386,0.27390947940317784,0.2907331849876418
30,Parque de Real,C. Matosinhos,723.67,7674,6738,14413,123,123,246,0,0,0,0.2888766255762018,0.25362228443901425,0.27124945500760805
31,C. Matosinhos,Matosinhos Sul,616.61,6052,4960,11013,120,120,240,0,0,0,0.23352029599334242,0.19138481778041816,0.21245255688688028
32,Matosinhos Sul,Brito Capelo,535.72,2559,2291,4851,120,120,240,0,0,0,0.09876360368053048,0.08841991280183155,0.09359175824118102
33,Brito Capelo,Mercado,487.53,1248,1269,2518,122,121,243,0,0,0,0.04739447274034869,0.04856282523785928,0.04797624497161939
34,Mercado,Sr. de Matosinhos,708.96,270,283,553,122,120,242,0,0,0,0.010253914337983285,0.010918209876543213,0.010583317084376636
35,Sra da Hora,Fonte do Cuco,687.03,8665,12316,20981,90,90,180,95,95,190,0.20151673083725613,0.2864238464627008,0.2439702886499785
36,Fonte do Cuco,Custoias,689.2,8255,12047,20302,90,90,180,94,95,189,0.19309792204362022,0.2801683848187873,0.2367590599684755
37,Custoias,Esposade,1779.24,8033,11832,19866,90,90,180,90,95,185,0.19238244617490574,0.2751656994741807,0.23437961337486826
38,Esposade,Crestins,2035.56,7919,11723,19642,90,90,180,98,95,193,0.18104238696062727,0.2726370853500154,0.22644693402721044
39,Crestins,Verdes,591.8199999999999,7857,11611,19468,90,90,180,95,95,190,0.18272218283230487,0.27002609093225327,0.2263741368822791
40,Verdes,Pedras Rubras,960.78,5985,6130,12115,0,0,0,95,95,190,0.2540523056973148,0.26019865663119923,0.25712548116425704
41,Pedras Rubras,Lidador,1147.58,5528,5401,10929,0,0,0,95,95,190,0.23463775583830446,0.2292614072781421,0.23194958155822326
42,Lidador,Vilar do Pinheiro,1987.51,5282,5122,10404,0,0,0,95,95,190,0.22420563692521328,0.21743268524145534,0.2208191610833343
43,Vilar do Pinheiro,Modivas Sul,2037.38,5164,4940,10105,0,0,0,95,93,188,0.2192043226781061,0.21422272001007825,0.21674001923062422
44,Modivas Sul,Modivas Centro,1051.08,5095,4865,9960,0,0,0,95,96,191,0.2162571919932563,0.2043765986010988,0.21028579426735516
45,Modivas Centro,Modivas Norte,852.51,5060,4791,9851,0,0,0,95,107,202,0.21479441436267951,0.180561602482231,0.19666119222798645
46,Modivas Norte,Mindelo,1834.12,4289,4530,8819,0,0,0,95,110,205,0.18206780741693146,0.1660701586938418,0.17348370322405407
47,Mindelo,Espaço Natureza,776.86,4191,4432,8624,0,0,0,95,96,191,0.1779204761015612,0.18617890322834804,0.18207130858413467
48,Espaço Natureza,Varziela,1539.0,4195,4418,8614,0,0,0,93,95,188,0.18189924557795759,0.18755653203048742,0.18475798075343808
49,Varziela,Árvore,858.71,3907,4203,8111,0,0,0,101,95,196,0.15600809073178062,0.17842078317204865,0.16687138553701256
50,Árvore,Azurara,664.57,3861,4197,8058,0,0,0,96,95,191,0.16217778960458665,0.17816439162769232,0.17012924087262352
51,Azurara,Santa Clara,1218.09,3823,4157,7980,0,0,0,93,99,192,0.16578375508078128,0.16932591254069573,0.16761018002104966
52,Santa Clara,Vila do Conde,670.57,3669,4001,7670,0,0,0,96,95,191,0.15413391667003984,0.16983758773234559,0.16194464311464216
53,Vila do Conde,Alto de Pega,730.41,2714,3040,5755,0,0,0,90,80,170,0.12161546086943169,0.15326377550303427,0.13650878540289174
54,Alto de Pega,Portas Fronhas,671.05,2639,2884,5524,0,0,0,82,80,162,0.12978076594656326,0.14540454625137977,0.1374962130106702
55,Portas Fronhas,São Brás,562.21,2142,2362,4505,0,0,0,80,80,160,0.10799535205454813,0.11907218420521144,0.11353376812987978
56,São Brás,Póvoa de Varzim,624.94,2060,2230,4290,0,0,0,80,80,160,0.10387674154932251,0.11239919354838712,0.10813796754885482
57,Sra da Hora,Fonte do Cuco,685.98,6424,7294,13718,0,5,5,76,75,151,0.340834704874891,0.37063846652507343,0.35605838711314863
58,Fonte do Cuco,Cândido dos Reis,913.51,6305,7242,13548,0,5,5,78,74,152,0.32598556225149394,0.3727243077664526,0.34940797051554073
59,Cândido dos Reis,Pias,916.73,6093,6973,13067,0,5,5,79,75,154,0.3110426172066045,0.35434798158587777,0.3327438183418687
60,Pias,Araújo,1258.13,5851,6737,12588,0,5,5,79,84,163,0.2986470979908173,0.3074978431217473,0.30331984103507664
61,Araújo,Custió,651.69,5708,6534,12243,0,5,5,79,77,156,0.29136463154316294,0.3238873715288244,0.30786480258396726
62,Custió,Parque de Maia,1418.51,5509,6195,11705,0,5,5,79,75,154,0.2812298519596364,0.31481224442966754,0.2980586736089085
63,Parque de Maia,Forum,824.81,5022,5475,10497,0,5,5,79,75,154,0.25634501297821133,0.2782333181888497,0.26731368904628433
64,Forum,Zona Industrial,1119.4,2438,3322,5761,0,5,5,55,50,105,0.17880980848856431,0.246475555240392,0.2124430778917589
65,Zona Industrial,Mandim,1194.23,2334,3248,5583,0,5,5,56,50,106,0.16810999466428367,0.24100496700202811,0.20401412456463427
66,Mandim,Castêlo da Maia,1468.1,2256,3161,5418,0,5,5,55,50,105,0.16546912590230534,0.2345353164564535,0.19979848610399842
67,Castêlo da Maia,ISMAI,702.48,1508,2244,3752,0,4,4,56,57,113,0.10858887770743378,0.1496,0.12988376950986016
68,Santo Ovídio,D. João II,463.71,7154,6315,13469,350,348,698,0,0,0,0.09462962962962966,0.08401525696039448,0.08933765013264709
69,D. João II,João de Deus,716.25,9959,9319,19278,350,348,698,0,0,0,0.13173310100432956,0.12397993187737756,0.1278676241330125
70,João de Deus,C.M.Gaia,405.01,16639,15181,31820,368,364,732,0,0,0,0.20932774882172078,0.19308847028722417,0.20125247916795472
71,C.M.Gaia,General Torres,488.39,19030,17444,36475,348,360,708,0,0,0,0.2531751429604196,0.22434082110981535,0.23851362337536655
72,General Torres,Jardim do Morro,419.98,20995,19757,40752,346,348,694,0,0,0,0.28092732325748254,0.2628414861749101,0.2718583444322157
73,Jardim do Morro,São Bento,795.7,21564,21336,42901,348,348,696,0,0,0,0.28689028755279744,0.28385434465017345,0.28537231610148545
74,São Bento,Aliados,443.38,26281,29613,55895,346,372,718,0,0,0,0.3516599234477267,0.3685476031807658,0.36040952910328455
75,Aliados,Trindade,450.27,28266,32509,60776,346,350,696,0,0,0,0.37821793130692016,0.4300215795221003,0.4042686164725998
76,Trindade,Faria Guimaraes,555.34,27954,33131,61085,348,350,698,0,0,0,0.3718949045638643,0.438242632277947,0.405163822472072
77,Faria Guimaraes,Marques,621.04,26664,31699,58363,350,348,698,0,0,0,0.35270858017370643,0.4217093582151388,0.3871101142115552
78,Marques,Combatentes,702.75,22441,22407,44849,366,368,734,0,0,0,0.28386826346164246,0.28190339162461625,0.2828831506060217
79,Combatentes,Salgueiros,471.25,20213,20239,40453,344,364,708,0,0,0,0.2720364889205649,0.25742440391128074,0.26452406103443576
80,Salgueiros,Polo Universitario,775.36,18580,18507,37087,348,346,694,0,0,0,0.24718575874798657,0.24763813269383153,0.2474112938852522
81,Polo Universitario,I.P.O.,827.64,14187,14761,28949,352,346,698,0,0,0,0.18660045932252484,0.19752098629182083,0.1920137864448406
82,I.P.O.,Hospital São João,351.77,5950,6565,12516,350,374,724,0,0,0,0.07871016091564649,0.08127847098435331,0.08003688462517183
83,Verdes (E) ,Botica,683.54,2064,5765,7829,86,91,177,0,0,0,0.11112390147471261,0.2933050228591274,0.20478764184749085
84,Botica,Aeroporto,649.66,1904,5513,7418,77,104,181,0,0,0,0.11453133935185651,0.24545940170940164,0.18976072324790452
