,A,B,Distance,PassagersAtoB,PassagersBtoA,PassagersTotal,EurotramAtoB,EurotramBtoA,EurotramTotal,TraintramAtoB,TraintramBtoA,TraintramTotal,OccupancyAtoB,OccupancyBtoA,OccupancyTotal
0,Fânzeres,Venda Nova,440.45,466,2350,2816,170,171,341,0,0,0,0.012690631808278867,0.06364592097525067,0.038242990892009596
1,Venda Nova,Carreira,583.47,711,4388,5100,170,167,337,0,0,0,0.019386320549261662,0.12165354460919468,0.07006473721991097
2,Carreira,Baguim,786.02,939,6032,6972,170,168,338,0,0,0,0.025596182459873145,0.1662334853845312,0.0954987472271588
3,Baguim,Campainha,751.7,1151,7026,8177,171,171,342,0,0,0,0.03116213037164974,0.19024723355781428,0.11070468196473202
4,Campainha,Rio Tinto,859.99,1662,8833,10496,170,173,343,0,0,0,0.045279268676591246,0.2363898863592672,0.14167033823665812
5,Rio Tinto,Levada,452.83,1902,10151,12054,172,176,348,0,0,0,0.051221329040020865,0.2670278710808038,0.16036486754340534
6,Levada,Nau Vitória,1111.62,2694,12411,15105,177,180,357,0,0,0,0.07047244497304138,0.3192203454125366,0.1958915544383331
7,Nau Vitória,Nasoni,499.02,2983,12619,15602,183,180,363,0,0,0,0.07546879717448157,0.3245732486315693,0.19899166566559945
8,Nasoni,Contumil,650.0,3162,12796,15959,188,192,380,0,0,0,0.07788483174389738,0.30855453456109805,0.1944337342199567
9,Contumil,Estádio do Dragão,619.19,4038,14610,18648,178,198,376,0,0,0,0.10503588927413336,0.3416182426804986,0.22961914984450657
10,Estádio do Dragão,Campanhã,1166.02,9907,21678,31586,260,259,519,160,158,318,0.10338059987897119,0.2278899225473286,0.16540315259353858
11,Campanhã,Heroismo,950.92,17503,45692,63196,368,392,760,307,269,576,0.11247334963699401,0.30183264366151363,0.20584540302520501
12,Heroismo,24 de Agosto,571.9,20217,47802,68020,405,401,806,307,267,574,0.12356853441827274,0.3127800251553218,0.2149502797676656
13,24 de Agosto,Bolhão,680.44,31226,53400,84627,398,404,802,278,267,545,0.2015770976546584,0.3479307636112143,0.2744141383399297
14,Bolhão,Trindade,451.8,45463,59335,104798,399,419,818,278,267,545,0.2930705265078483,0.37860857916865454,0.3360578909065347
15,Trindade,Lapa,857.4300000000001,61063,76431,137494,397,427,824,278,260,538,0.3947301359999776,0.4877193299341022,0.4415257307175331
16,Lapa,Carolina Michaelis,460.97,61589,74603,136193,396,427,823,310,266,576,0.3792097997131427,0.4715796626891182,0.42478741381474505
17,Carolina Michaelis,Casa da Música,627.48,61147,67904,129052,400,447,847,282,268,550,0.3911292106068065,0.4165534400515763,0.4041072291793177
18,Casa da Música,Francos,871.87,62521,49574,112095,436,429,865,262,266,528,0.39284016059724713,0.31250960015023055,0.352740604090843
19,Francos,Ramalde,965.03,60076,42875,102952,437,442,879,240,267,507,0.3903317449113255,0.2651744304124634,0.3262112256886005
20,Ramalde,Viso,621.15,56717,41702,98420,422,438,860,242,267,509,0.3751974914908739,0.2593051687007496,0.3154579247058315
21,Viso,Sete Bicas,743.81,54946,38832,93778,442,420,862,242,269,511,0.3533793910895541,0.246661042953185,0.2996887257955337
22,Sete Bicas,Sra da Hora,674.5,50551,34253,84805,419,398,817,242,303,545,0.33584598734061316,0.2126076883566898,0.2721324764498899
23,Sra da Hora,Vasco da Gama,824.48,12884,16433,29317,158,178,336,0,0,0,0.3775206568051316,0.42742727189987384,0.4039592802779414
24,Vasco da Gama,Estádio do Mar,661.6,11469,17030,28499,163,197,360,0,0,0,0.3257613055513361,0.400225763596216,0.3665099117592287
25,Estádio do Mar,Pedro Hispano,786.97,10955,16741,27696,158,197,355,0,0,0,0.3210045142643286,0.3934383074618219,0.36120016851758546
26,Pedro Hispano,Parque de Real,656.68,9854,16114,25968,156,197,353,0,0,0,0.2924647294347038,0.3786918044892234,0.340585788317821
27,Parque de Real,C. Matosinhos,723.67,8875,15182,24058,165,197,362,0,0,0,0.24902341591344515,0.3568070264998725,0.30767913769666666
28,C. Matosinhos,Matosinhos Sul,616.61,6290,10679,16970,165,199,364,0,0,0,0.17651317573023484,0.24845216084416413,0.21584245605350938
29,Matosinhos Sul,Brito Capelo,535.72,3368,4705,8073,155,195,350,0,0,0,0.10060305289675035,0.1117126298299557,0.10679267433096476
30,Brito Capelo,Mercado,487.53,1871,2510,4382,157,197,354,0,0,0,0.05518880863501275,0.05900986219976951,0.05731521414986326
31,Mercado,Sr. de Matosinhos,708.96,428,559,987,155,197,352,0,0,0,0.012813468579969884,0.013136867832299304,0.012994461911529247
33,Fonte do Cuco,Custoias,689.2,18006,11609,29615,100,100,200,160,176,336,0.2938343947059176,0.1779239195524697,0.23406164335592258
34,Custoias,Esposade,1779.24,17430,11484,28915,100,100,200,162,158,320,0.2821618683315939,0.18893974455735635,0.23592807613598965
35,Esposade,Crestins,2035.56,17072,11349,28422,100,106,206,178,158,336,0.25968615210066154,0.18282548643004845,0.22235740221932734
36,Crestins,Verdes,591.8199999999999,16783,11100,27883,100,100,200,160,158,318,0.27387482726498263,0.18261857872621923,0.2284321102380116
37,Verdes,Pedras Rubras,960.78,14494,7100,21594,0,0,0,160,158,318,0.3652725208621784,0.18121013433191116,0.27382014013330347
38,Pedras Rubras,Lidador,1147.58,12722,6292,19014,0,0,0,160,158,318,0.32062760820231206,0.1605838152155203,0.24110899407679914
39,Lidador,Vilar do Pinheiro,1987.51,12140,6117,18257,0,0,0,160,158,318,0.30595766231648014,0.1561106259154473,0.23150536121156445
40,Vilar do Pinheiro,Modivas Sul,2037.38,11790,5992,17782,0,0,0,160,158,318,0.29713706604493334,0.1529216315695764,0.22548285646283772
41,Modivas Sul,Modivas Centro,1051.08,11572,5966,17538,0,0,0,160,158,318,0.29165301951597433,0.15226015812018162,0.22239493114951128
42,Modivas Centro,Modivas Norte,852.51,11281,6122,17403,0,0,0,158,164,322,0.28791810282156943,0.15052152068965313,0.21793971937550025
43,Modivas Norte,Mindelo,1834.12,10398,5395,15794,0,0,0,152,158,310,0.2758638819153016,0.13770760385585806,0.2054487466462949
44,Mindelo,Espaço Natureza,776.86,9764,4926,14691,0,0,0,156,158,314,0.25240014124281923,0.1257275783479313,0.18866044398997753
45,Espaço Natureza,Varziela,1539.0,9834,4747,14581,0,0,0,160,158,318,0.24784308180270453,0.12115063586195127,0.1848952627503806
46,Varziela,Árvore,858.71,9061,4198,13259,0,0,0,160,158,318,0.22836279119498012,0.10713726089003434,0.16813123840195676
47,Árvore,Azurara,664.57,9001,4199,13200,0,0,0,158,158,316,0.22972432248634234,0.10716255578554429,0.1684434391359433
48,Azurara,Santa Clara,1218.09,8786,4142,12929,0,0,0,158,169,327,0.2242481715297546,0.09883756693575299,0.15943351655609628
49,Santa Clara,Vila do Conde,670.57,8746,3854,12600,0,0,0,152,161,313,0.23202121859481045,0.09653340273928847,0.16232940277136304
50,Vila do Conde,Alto de Pega,730.41,6674,2632,9306,0,0,0,146,161,307,0.18432746824440377,0.0659386782622196,0.1222408389703593
51,Alto de Pega,Portas Fronhas,671.05,6386,2377,8764,0,0,0,124,161,285,0.20767535143048282,0.05954790541214873,0.1239963380657397
52,Portas Fronhas,São Brás,562.21,4693,1856,6550,0,0,0,144,161,305,0.1314392157463548,0.046490159346729565,0.08659725482720837
53,São Brás,Póvoa de Varzim,624.94,4441,1807,6248,0,0,0,160,161,321,0.11192343845763217,0.04525646163093569,0.07848610740125168
55,Fonte do Cuco,Cândido dos Reis,913.51,15574,10876,26450,159,88,247,80,149,229,0.28743672590715535,0.19435341541805776,0.24014461689558955
56,Cândido dos Reis,Pias,916.73,14782,10651,25433,159,88,247,80,149,229,0.272826470097901,0.19033488496007725,0.2309156160857658
57,Pias,Araújo,1258.13,14099,10665,24764,159,88,247,82,149,231,0.25784740048234445,0.19058588736898502,0.22382756792790126
58,Araújo,Custió,651.69,13504,10440,23945,153,88,241,91,149,240,0.24282299262968993,0.18656806787208433,0.21460881046295505
59,Custió,Parque de Maia,1418.51,12605,10277,22883,137,88,225,108,147,255,0.2235993528045789,0.18530260260454892,0.2046071232525898
60,Parque de Maia,Forum,824.81,10672,9476,20148,125,88,213,109,147,256,0.19751929343066527,0.17086053863067302,0.18401559305597787
61,Forum,Zona Industrial,1119.4,4771,4835,9606,87,40,127,40,80,120,0.16618947438446982,0.16977138586071644,0.16797316509022417
62,Zona Industrial,Mandim,1194.23,4720,3911,8631,117,40,157,40,80,120,0.1341356614814815,0.13733102659083773,0.13556492392516895
63,Mandim,Castêlo da Maia,1468.1,4617,2663,7281,115,77,192,40,40,80,0.1328430836292028,0.10031862755801861,0.11875792317770746
64,Castêlo da Maia,ISMAI,702.48,2606,1679,4285,89,77,166,40,40,80,0.08942277288075305,0.06323440795420308,0.07693797207764771
65,Santo Ovídio,D. João II,463.71,6217,16119,22337,400,398,798,0,0,0,0.07196759259259258,0.1875093405657119,0.1295936774212912
66,D. João II,João de Deus,716.25,9444,24012,33457,400,404,804,0,0,0,0.10931501079839037,0.2751730757894377,0.19265662554513557
67,João de Deus,C.M.Gaia,405.01,18049,36499,54548,400,394,794,0,0,0,0.2089079828374709,0.4288778607381249,0.3180618013423294
68,C.M.Gaia,General Torres,488.39,21573,41056,62630,400,400,800,0,0,0,0.24968927343404643,0.4751963445187039,0.36244280897637515
69,General Torres,Jardim do Morro,419.98,22672,47216,69889,400,400,800,0,0,0,0.2624144805408325,0.5464879638794852,0.40445122221015883
70,Jardim do Morro,São Bento,795.7,23789,48862,72652,396,394,790,0,0,0,0.2781227422257647,0.5741513071358275,0.42576230497837836
71,São Bento,Aliados,443.38,31789,54572,86362,400,398,798,0,0,0,0.36793862699313334,0.6348043071916946,0.5010370489468018
72,Aliados,Trindade,450.27,37181,54718,91899,400,400,800,0,0,0,0.4303359671836015,0.6333197277043793,0.5318278474439905
73,Trindade,Faria Guimaraes,555.34,35532,46943,82475,400,406,806,0,0,0,0.41125588717325384,0.5352952240454928,0.47373724048606897
74,Faria Guimaraes,Marques,621.04,34041,44605,78646,400,400,800,0,0,0,0.3939932098344898,0.5162632147763969,0.4551282123054433
75,Marques,Combatentes,702.75,27825,34130,61956,400,400,800,0,0,0,0.32205377088930875,0.39503360443900587,0.3585436876641573
76,Combatentes,Salgueiros,471.25,23870,30594,54464,400,400,800,0,0,0,0.27627651591782143,0.35410497478210984,0.3151907453499656
77,Salgueiros,Polo Universitario,775.36,20902,27791,48694,400,392,792,0,0,0,0.24193112907200595,0.3282310275769879,0.28464522025123945
78,Polo Universitario,I.P.O.,827.64,15837,19904,35742,400,400,800,0,0,0,0.18330978739137543,0.23037497317483313,0.20684238028310425
79,I.P.O.,Hospital São João,351.77,9105,8449,17554,400,400,800,0,0,0,0.10538583475409254,0.09778935185185185,0.10158759330297218
80,Verdes (E) ,Botica,683.54,2338,4008,6347,100,100,200,0,0,0,0.10827458469081602,0.18558426214490217,0.1469294234178591
81,Botica,Aeroporto,649.66,2034,3582,5617,107,100,207,0,0,0,0.08804119563396898,0.16587962962962954,0.125644303844433
82,Sra da Hora,Fonte do Cuco,687.03,35147,22439,57588,259,188,447,260,319,260,0.2915222026480232,0.1877409566775382,0.2395476197323948
