,A,B,Distance,PassagersAtoB,PassagersBtoA,PassagersTotal,EurotramAtoB,EurotramBtoA,EurotramTotal,TraintramAtoB,TraintramBtoA,TraintramTotal,OccupancyAtoB,OccupancyBtoA,OccupancyTotal
0,Fânzeres,Venda Nova,440.45,428,2553,2981,197,197,394,0,0,0,0.010058281631885694,0.06001897515317363,0.035038628392529664
1,Venda Nova,Carreira,583.47,757,4719,5477,195,199,394,0,0,0,0.017983152028628355,0.10980619397226166,0.06436077981234162
2,Carreira,Baguim,786.02,1071,6967,8038,195,196,391,0,0,0,0.025432477055444762,0.16456608328168396,0.09517720038112988
3,Baguim,Campainha,751.7,1236,8240,9477,192,197,389,0,0,0,0.02981354960806717,0.19366499828966385,0.11279230382471124
4,Campainha,Rio Tinto,859.99,1675,10326,12001,178,198,376,0,0,0,0.043569292080557626,0.2414494110781385,0.14777212070162415
5,Rio Tinto,Levada,452.83,1940,11841,13782,178,197,375,0,0,0,0.05047178512514525,0.27828443786242213,0.17014936536312802
6,Levada,Nau Vitória,1111.62,2735,14590,17326,179,197,376,0,0,0,0.0707588397683174,0.34288620539103637,0.21333620952277388
7,Nau Vitória,Nasoni,499.02,2949,14842,17791,179,197,376,0,0,0,0.07628284652659181,0.34880539575728525,0.2190672672671413
8,Nasoni,Contumil,650.0,3043,15119,18163,198,203,401,0,0,0,0.07116813001832208,0.3448245196094804,0.20970241203080373
9,Contumil,Estádio do Dragão,619.19,3551,16978,20530,178,201,379,0,0,0,0.092367658721611,0.39107664724540664,0.2507858821867374
10,Estádio do Dragão,Campanhã,1166.02,8940,26394,35334,278,296,574,159,159,318,0.08986916718097067,0.2553414365741308,0.17419111042237395
11,Campanhã,Heroismo,950.92,18699,51981,70680,438,458,896,239,237,476,0.12151724363768765,0.3296138079252973,0.2268424868286512
12,Heroismo,24 de Agosto,571.9,20657,54168,74826,434,461,895,239,237,476,0.1350040681528886,0.3420788238585313,0.24031579484124427
13,24 de Agosto,Bolhão,680.44,31901,60058,91959,408,462,870,268,237,505,0.20635662754794581,0.3787575779538341,0.29365153719145354
14,Bolhão,Trindade,451.8,47040,64196,111237,411,467,878,268,237,505,0.30302054698312175,0.4021113450370417,0.35325951362431546
15,Trindade,Lapa,857.4300000000001,66207,85588,151796,408,457,865,270,243,513,0.4269050347148933,0.5383741551648644,0.48332956886288414
16,Lapa,Carolina Michaelis,460.97,66037,84268,150306,408,457,865,256,245,501,0.4355594262230734,0.5284242092204733,0.4831643890444016
17,Carolina Michaelis,Casa da Música,627.48,65331,76924,142256,406,429,835,266,271,537,0.42515663329973435,0.4811649057699198,0.4537152502890227
18,Casa da Música,Francos,871.87,68250,56276,124527,380,419,799,284,279,563,0.447512145119551,0.3523968952546216,0.39886020493086344
19,Francos,Ramalde,965.03,66060,48773,114834,376,425,801,306,278,584,0.42048930339056845,0.30342493394748943,0.3612868072233492
20,Ramalde,Viso,621.15,62578,46369,108947,375,419,794,306,278,584,0.3988711676648439,0.2908140892333222,0.344405393798609
21,Viso,Sete Bicas,743.81,61201,41278,102480,363,415,778,306,278,584,0.3966504349261352,0.2602942098470294,0.32753794579948947
22,Sete Bicas,Sra da Hora,674.5,56323,35009,91332,369,415,784,306,270,576,0.36199528406920334,0.22355799315257344,0.2925531466744455
23,Sra da Hora,Vasco da Gama,824.48,13334,16705,30039,178,195,373,0,0,0,0.3468148794613119,0.39660850245405105,0.3728463981840576
24,Vasco da Gama,Estádio do Mar,661.6,11574,17222,28796,171,182,353,0,0,0,0.3133543080353956,0.4380961952110562,0.37766882210329994
25,Estádio do Mar,Pedro Hispano,786.97,10944,17178,28122,176,176,352,0,0,0,0.2878801208316059,0.45187097380190794,0.3698755473167569
26,Pedro Hispano,Parque de Real,656.68,9720,16758,26479,178,176,354,0,0,0,0.25282441331980604,0.440839511915776,0.34630084652006227
27,Parque de Real,C. Matosinhos,723.67,8835,16194,25030,178,176,354,0,0,0,0.2298034974802809,0.42599810677189043,0.32734658006593986
28,C. Matosinhos,Matosinhos Sul,616.61,6218,11425,17643,182,174,356,0,0,0,0.15818783696715702,0.30398653510870716,0.2294489984183641
29,Matosinhos Sul,Brito Capelo,535.72,3201,4377,7579,182,175,357,0,0,0,0.08144484010632487,0.11580042640747844,0.09828581378336093
30,Brito Capelo,Mercado,487.53,1774,2168,3942,178,175,353,0,0,0,0.046143145656611755,0.05736686988460129,0.05170731489145076
31,Mercado,Sr. de Matosinhos,708.96,406,437,843,177,173,350,0,0,0,0.010633371252249137,0.011694497966174269,0.011157871027989274
33,Fonte do Cuco,Custoias,689.2,20358,11388,31747,100,100,200,159,152,311,0.33357099429141623,0.1920624083504707,0.2638374899370323
34,Custoias,Esposade,1779.24,19878,11240,31119,100,100,200,159,158,317,0.325706945255895,0.18493172552580045,0.25546263452434853
35,Esposade,Crestins,2035.56,19464,11121,30585,100,79,179,155,160,315,0.3241880422723409,0.19599049187034528,0.2618983296403807
36,Crestins,Verdes,591.8199999999999,19086,10891,29978,100,80,180,159,160,319,0.3127274784801284,0.1912159511356068,0.2540684456851597
37,Verdes,Pedras Rubras,960.78,16876,6627,23503,0,0,0,159,160,319,0.4279826012883181,0.16702975748622234,0.2970971623907152
38,Pedras Rubras,Lidador,1147.58,14981,5694,20676,0,0,0,159,160,319,0.3799408118029472,0.143508939589203,0.2613542928242667
39,Lidador,Vilar do Pinheiro,1987.51,14420,5467,19887,0,0,0,159,160,319,0.36569867912444787,0.13778766409248008,0.25138594431217565
40,Vilar do Pinheiro,Modivas Sul,2037.38,13664,5288,18953,0,0,0,159,160,319,0.34654088290372664,0.1332770361923258,0.23957469019581398
41,Modivas Sul,Modivas Centro,1051.08,13490,5323,18814,0,0,0,159,160,319,0.3421262067429919,0.1341630062409477,0.23781864536265626
42,Modivas Centro,Modivas Norte,852.51,13211,5380,18592,0,0,0,161,156,317,0.3308835670045655,0.13908028873164932,0.23649457201852472
43,Modivas Norte,Mindelo,1834.12,12093,4703,16797,0,0,0,165,160,325,0.2955432961151485,0.11854652668820961,0.2084064250126555
44,Mindelo,Espaço Natureza,776.86,11263,4738,16001,0,0,0,160,160,320,0.2838653680887854,0.1194071369205284,0.2016362525046569
45,Espaço Natureza,Varziela,1539.0,11299,4575,15875,0,0,0,160,160,320,0.2847774025135429,0.11531712221727008,0.2000472623654065
46,Varziela,Árvore,858.71,10361,4358,14720,0,0,0,160,160,320,0.2611356669366394,0.10985031261449492,0.18549298977556716
47,Árvore,Azurara,664.57,10266,4407,14673,0,0,0,162,160,322,0.2555334612166321,0.11106522718798903,0.18374800331420077
48,Azurara,Santa Clara,1218.09,10135,4399,14534,0,0,0,162,150,312,0.2522757210052989,0.11825562323726946,0.18784298169374627
49,Santa Clara,Vila do Conde,670.57,10431,3937,14368,0,0,0,168,158,326,0.2503789109811684,0.10047923765671479,0.17772814906318166
50,Vila do Conde,Alto de Pega,730.41,7963,2774,10738,0,0,0,162,158,320,0.19822349111161783,0.07079959593417515,0.1353079428677555
51,Alto de Pega,Portas Fronhas,671.05,7626,2659,10286,0,0,0,166,160,326,0.18525523428383162,0.0670336311671839,0.12723236158854437
52,Portas Fronhas,São Brás,562.21,5431,2371,7803,0,0,0,160,160,320,0.13688239759446158,0.05977662825728342,0.0983295129258725
53,São Brás,Póvoa de Varzim,624.94,5091,2319,7411,0,0,0,160,160,320,0.128320178570774,0.058467741935483826,0.0933939602531289
55,Fonte do Cuco,Cândido dos Reis,913.51,18066,10544,28610,88,117,205,149,118,267,0.32283931250162906,0.19335557883591334,0.2589317963997478
56,Cândido dos Reis,Pias,916.73,17046,10171,27217,88,117,205,149,118,267,0.3046178427272235,0.1865109065591086,0.2463254170207335
57,Pias,Araújo,1258.13,16249,10101,26350,88,117,205,149,118,267,0.29036964843222607,0.18523309565816917,0.2384788375242659
58,Araújo,Custió,651.69,15728,9933,25662,96,117,213,149,118,267,0.27265605759411515,0.1821530426505595,0.22867551490305307
59,Custió,Parque de Maia,1418.51,14753,9803,24557,114,157,271,133,80,213,0.25610927781549264,0.18238915677483908,0.22052554985053924
60,Parque de Maia,Forum,824.81,11422,8933,20356,128,157,285,109,80,189,0.20890416865041447,0.16619403309475886,0.18773186521242935
61,Forum,Zona Industrial,1119.4,4931,4254,9185,48,77,125,69,40,109,0.1794468647494919,0.16021988290812172,0.16999848560653844
62,Zona Industrial,Mandim,1194.23,4817,3150,7967,48,77,125,69,40,109,0.17530663372402086,0.11864533802600817,0.14746256496155358
63,Mandim,Castêlo da Maia,1468.1,4756,2081,6837,46,48,94,69,69,138,0.17584984118431138,0.07573978049458556,0.12539824809904024
64,Castêlo da Maia,ISMAI,702.48,2624,1428,4052,38,48,86,69,69,138,0.10365604229429506,0.051965065502183425,0.07675323846385514
65,Santo Ovídio,D. João II,463.71,5810,18764,24574,400,402,802,0,0,0,0.06724537037037039,0.21609771435282593,0.1418571437880102
66,D. João II,João de Deus,716.25,8816,27370,36187,400,390,790,0,0,0,0.10203987167200382,0.3249164298792072,0.2120675396477118
67,João de Deus,C.M.Gaia,405.01,16660,41113,57773,402,402,804,0,0,0,0.19187130341112335,0.4734824538270715,0.33267687861909745
68,C.M.Gaia,General Torres,488.39,19385,46212,65597,400,400,800,0,0,0,0.22436355092533988,0.5348651210012548,0.3796143359632973
69,General Torres,Jardim do Morro,419.98,20424,53041,73466,400,400,800,0,0,0,0.23639246487564725,0.6139118920177772,0.4251521784467122
70,Jardim do Morro,São Bento,795.7,21951,54810,76762,400,404,804,0,0,0,0.25407026734981386,0.6281025833495801,0.4420168539964625
71,São Bento,Aliados,443.38,30679,58452,89132,400,402,802,0,0,0,0.35508991688662883,0.6731663849185427,0.5145247549774385
72,Aliados,Trindade,450.27,36895,57246,94141,400,400,800,0,0,0,0.4270322592496194,0.6625710855998765,0.544801672424748
73,Trindade,Faria Guimaraes,555.34,37495,42030,79526,396,392,788,0,0,0,0.4383602399277309,0.49639237523162294,0.4672290178961645
74,Faria Guimaraes,Marques,621.04,35775,39933,75709,400,400,800,0,0,0,0.4140704761203382,0.46219468972946964,0.4381325829249039
75,Marques,Combatentes,702.75,29354,30249,59604,400,400,800,0,0,0,0.3397566482584279,0.35010956239156393,0.3449331053249959
76,Combatentes,Salgueiros,471.25,24490,26283,50773,400,400,800,0,0,0,0.2834505634174464,0.3042055598607872,0.2938280616391168
77,Salgueiros,Polo Universitario,775.36,20753,24843,45596,398,410,808,0,0,0,0.24141024062447186,0.28052328491316386,0.2612572061670012
78,Polo Universitario,I.P.O.,827.64,15763,17009,32773,400,400,800,0,0,0,0.18244525111327348,0.19687426222106835,0.18965975666717091
79,I.P.O.,Hospital São João,351.77,9508,8217,17725,400,400,800,0,0,0,0.11004723559474076,0.09510416666666668,0.10257570113070373
80,Verdes (E) ,Botica,683.54,2253,4224,6478,96,80,176,0,0,0,0.10869846097580711,0.2444715341956652,0.17041349425756078
81,Botica,Aeroporto,649.66,1940,3483,5423,94,80,174,0,0,0,0.09557915865676654,0.2015625,0.14430713168813825
82,Sra da Hora,Fonte do Cuco,687.03,39901,21687,61590,190,219,409,298,272,298,0.34716030696191236,0.18893607078165664,0.26806325363983197
