,A,B,Distance,PassagersAtoB,PassagersBtoA,PassagersTotal,EurotramAtoB,EurotramBtoA,EurotramTotal,TraintramAtoB,TraintramBtoA,TraintramTotal,OccupancyAtoB,OccupancyBtoA,OccupancyTotal
0,Fânzeres,Venda Nova,440.45,437,2648,3085,195,195,390,0,0,0,0.010375118708452044,0.06288055545666857,0.0366278370825603
1,Venda Nova,Carreira,583.47,760,5022,5782,195,195,390,0,0,0,0.018061890068355055,0.11923431599466372,0.0686481030315094
2,Carreira,Baguim,786.02,1065,7317,8383,195,195,390,0,0,0,0.025285232413526756,0.17374165919776077,0.09951344580564377
3,Baguim,Campainha,751.7,1268,8627,9895,186,195,381,0,0,0,0.031570811285817985,0.2048260053986897,0.12024472953256336
4,Campainha,Rio Tinto,859.99,1690,10669,12359,177,197,374,0,0,0,0.04421105917792044,0.25073707543867857,0.15299615330457644
5,Rio Tinto,Levada,452.83,1995,12285,14280,179,200,379,0,0,0,0.05159977007555415,0.28438893369917434,0.17444365589276795
6,Levada,Nau Vitória,1111.62,2915,14994,17910,177,198,375,0,0,0,0.07624914173119864,0.35060974262834926,0.22111153900489416
7,Nau Vitória,Nasoni,499.02,3169,15253,18422,173,199,372,0,0,0,0.0848294445923133,0.3548547772258805,0.22927848006026996
8,Nasoni,Contumil,650.0,3298,15467,18766,197,217,414,0,0,0,0.07751767746067928,0.3299961887168697,0.20985544785341675
9,Contumil,Estádio do Dragão,619.19,3843,17326,21170,177,203,380,0,0,0,0.10052380779787881,0.3951598870111428,0.25792150274601716
10,Estádio do Dragão,Campanhã,1166.02,9197,28364,37562,274,296,570,163,161,324,0.09233964502054198,0.27309207393419166,0.18460624817324756
11,Campanhã,Heroismo,950.92,18778,53757,72535,415,445,860,239,237,476,0.12610191810129154,0.34705510959979424,0.23875453274722605
12,Heroismo,24 de Agosto,571.9,20724,55969,76694,412,441,853,243,239,482,0.13885029929665801,0.3621984690473745,0.2524624249360555
13,24 de Agosto,Bolhão,680.44,32091,62230,94322,393,443,836,264,239,503,0.21343112145705018,0.40159122307175826,0.30892859737155026
14,Bolhão,Trindade,451.8,46695,66207,112902,393,443,836,262,239,501,0.3115862431841233,0.4272547850704359,0.37038737843168584
15,Trindade,Lapa,857.4300000000001,66797,86126,152924,392,445,837,260,238,498,0.44785063042357565,0.5551393391649775,0.502551314721023
16,Lapa,Carolina Michaelis,460.97,66810,84770,151581,392,447,839,252,242,494,0.45397618518249483,0.5414291492651524,0.4990559112620294
17,Carolina Michaelis,Casa da Música,627.48,66118,77493,143611,388,423,811,264,276,540,0.44291464008281334,0.4848891766557577,0.46461729083514164
18,Casa da Música,Francos,871.87,69193,56706,125900,369,415,784,274,280,554,0.46861506716940093,0.35646713612895536,0.410452696694745
19,Francos,Ramalde,965.03,66830,49785,116616,358,426,784,303,280,583,0.4383145772965453,0.3083530695187896,0.37147420243426693
20,Ramalde,Viso,621.15,63369,47367,110736,364,408,772,303,280,583,0.412109440755992,0.3006158780023381,0.35568224410681637
21,Viso,Sete Bicas,743.81,62153,42357,104510,352,408,760,303,282,585,0.41113126686459966,0.26797869929179513,0.33796069565509324
22,Sete Bicas,Sra da Hora,674.5,57615,36172,93788,362,414,776,303,270,573,0.375746178438488,0.23130672859566187,0.30281572859921213
23,Sra da Hora,Vasco da Gama,824.48,13596,16817,30414,177,195,372,0,0,0,0.3556194467932387,0.39928678782949795,0.37850958523966494
24,Vasco da Gama,Estádio do Mar,661.6,11711,17255,28966,175,181,356,0,0,0,0.3098205813891757,0.4413569861493901,0.37669723661838583
25,Estádio do Mar,Pedro Hispano,786.97,11110,17177,28287,177,177,354,0,0,0,0.2906069032346777,0.44928526309459627,0.369946083164637
26,Pedro Hispano,Parque de Real,656.68,9895,16725,26621,177,178,355,0,0,0,0.25883046998087844,0.4350280894484146,0.34717744537586837
27,Parque de Real,C. Matosinhos,723.67,8973,16192,25165,181,178,359,0,0,0,0.22952033031112076,0.42114923293720674,0.32453410375803804
28,C. Matosinhos,Matosinhos Sul,616.61,6398,11515,17914,191,180,371,0,0,0,0.15510332993961773,0.2961765194471747,0.22354854317778552
29,Matosinhos Sul,Brito Capelo,535.72,3339,4703,8042,180,182,362,0,0,0,0.08588920414508791,0.11963591709526654,0.10285578358412799
30,Brito Capelo,Mercado,487.53,1854,2384,4238,182,183,365,0,0,0,0.04717250518498054,0.06032385478515181,0.05376619553246367
31,Mercado,Sr. de Matosinhos,708.96,426,563,989,181,180,361,0,0,0,0.010900924609373627,0.014480452674897119,0.01268573084703077
33,Fonte do Cuco,Custoias,689.2,21187,12196,33384,99,99,198,159,156,315,0.34838325614099835,0.20303846597738923,0.27615812019112473
34,Custoias,Esposade,1779.24,20610,12017,32628,99,99,198,161,158,319,0.3361627933608858,0.19841224227061852,0.26770795763365157
35,Esposade,Crestins,2035.56,20231,11908,32140,99,79,178,161,158,319,0.32997323998932254,0.21172050243462343,0.27339379135052777
36,Crestins,Verdes,591.8199999999999,19924,11603,31528,99,79,178,159,158,317,0.3276258874444024,0.20629878748482058,0.26932951350769635
37,Verdes,Pedras Rubras,960.78,17858,7272,25130,0,0,0,159,158,317,0.4528962902212456,0.18558945566188112,0.319664492554433
38,Pedras Rubras,Lidador,1147.58,15749,6349,22099,0,0,0,159,158,317,0.3994201981439006,0.1620444511569833,0.2811067343460049
39,Lidador,Vilar do Pinheiro,1987.51,15156,6102,21259,0,0,0,159,158,317,0.3843805911810265,0.15573415339209107,0.27041801335562654
40,Vilar do Pinheiro,Modivas Sul,2037.38,14528,5904,20432,0,0,0,161,158,319,0.3638559219978228,0.15067769991847615,0.25826921639112443
41,Modivas Sul,Modivas Centro,1051.08,14379,5956,20335,0,0,0,163,158,321,0.3557070427985713,0.15201674653719532,0.2554482676917258
42,Modivas Centro,Modivas Norte,852.51,14110,5961,20072,0,0,0,163,154,317,0.3490733594205354,0.15608866707139477,0.25532054357899703
43,Modivas Norte,Mindelo,1834.12,12932,5186,18118,0,0,0,165,160,325,0.3160313510259001,0.130715854846456,0.224799106752943
44,Mindelo,Espaço Natureza,776.86,11993,5170,17164,0,0,0,160,158,318,0.30226494031032414,0.1319565233887432,0.2176462929090355
45,Espaço Natureza,Varziela,1539.0,12019,5007,17026,0,0,0,158,158,316,0.3067424908729718,0.12778557467933577,0.21726403277615378
46,Varziela,Árvore,858.71,10993,4734,15727,0,0,0,156,158,314,0.28415570937007006,0.1208241951771503,0.20196978821567094
47,Árvore,Azurara,664.57,10938,4793,15732,0,0,0,156,158,314,0.282727420066433,0.1223442134264968,0.2020250422030256
48,Azurara,Santa Clara,1218.09,10784,4755,15539,0,0,0,156,156,312,0.27874689269387304,0.1229191300424651,0.20083301136816908
49,Santa Clara,Vila do Conde,670.57,10945,4347,15293,0,0,0,158,158,316,0.2793478507549933,0.11095696547284134,0.1951524081139173
50,Vila do Conde,Alto de Pega,730.41,8198,2747,10945,0,0,0,154,158,312,0.2146591652563448,0.07011203065174623,0.14145901375786218
51,Alto de Pega,Portas Fronhas,671.05,7842,2597,10440,0,0,0,166,158,324,0.19050974333338372,0.06628945077104537,0.12993318091100883
52,Portas Fronhas,São Brás,562.21,5663,2280,7944,0,0,0,160,158,318,0.14273447878029263,0.058204943266806336,0.10073552717296297
53,São Brás,Póvoa de Varzim,624.94,5318,2240,7558,0,0,0,158,158,316,0.13572696916855725,0.05716619028174767,0.09644657972515246
55,Fonte do Cuco,Cândido dos Reis,913.51,18440,10855,29296,92,123,215,135,108,243,0.3456349889344842,0.20347800784950593,0.2745564983919951
56,Cândido dos Reis,Pias,916.73,17413,10455,27869,92,123,215,133,108,241,0.32945373875712325,0.19597899652801248,0.26240469869039085
57,Pias,Araújo,1258.13,16581,10417,26999,92,123,215,133,108,241,0.31371111777485744,0.195260257135933,0.2542090998778262
58,Araújo,Custió,651.69,16005,10219,26225,98,123,221,133,108,241,0.29556065578646695,0.19155692906833205,0.24394576863932887
59,Custió,Parque de Maia,1418.51,14895,10112,25008,116,161,277,127,69,196,0.2633959119055794,0.19489751808464345,0.23061977156455465
60,Parque de Maia,Forum,824.81,11755,9254,21010,130,161,291,94,69,163,0.22874297254030138,0.1783591901753997,0.20343009783706725
61,Forum,Zona Industrial,1119.4,5152,4791,9943,57,87,144,53,28,81,0.20239058137121052,0.18616004959581334,0.1942309281876736
62,Zona Industrial,Mandim,1194.23,5013,3626,8639,59,87,146,53,28,81,0.1936679119579316,0.14089629011751112,0.16735979054763675
63,Mandim,Castêlo da Maia,1468.1,4994,2405,7399,55,58,113,53,54,107,0.19959915560135633,0.09278927329905418,0.14525493156563726
64,Castêlo da Maia,ISMAI,702.48,2756,1737,4493,45,54,99,53,54,107,0.12056427423383288,0.06932471264367819,0.09377257024378872
65,Santo Ovídio,D. João II,463.71,5996,19420,25416,398,400,798,0,0,0,0.06974688256095292,0.22477528035009187,0.14745535263069676
66,D. João II,João de Deus,716.25,9163,28205,37369,398,408,806,0,0,0,0.106593283415456,0.3200524909312369,0.21464707580557835
67,João de Deus,C.M.Gaia,405.01,16573,41948,58521,398,400,798,0,0,0,0.19278510564572096,0.4855167437921209,0.3395177563456708
68,C.M.Gaia,General Torres,488.39,19334,47334,66668,400,398,798,0,0,0,0.22377350254360653,0.5506020031409445,0.38677819331771746
69,General Torres,Jardim do Morro,419.98,20591,54158,74749,398,398,796,0,0,0,0.23952481834989445,0.6299824907553707,0.4347536545526326
70,Jardim do Morro,São Bento,795.7,22235,56201,78437,390,398,788,0,0,0,0.2639489898443468,0.6537541880024023,0.4608302955130093
71,São Bento,Aliados,443.38,31674,60777,92451,400,398,798,0,0,0,0.3665984871067122,0.7069766983829759,0.5363610536329692
72,Aliados,Trindade,450.27,37294,59849,97143,400,398,798,0,0,0,0.43165295474380794,0.6961786991620771,0.5635843410576815
73,Trindade,Faria Guimaraes,555.34,37586,45245,82831,394,402,796,0,0,0,0.44164922037196125,0.5210727320671604,0.48176008934365727
74,Faria Guimaraes,Marques,621.04,36002,43156,79159,400,398,798,0,0,0,0.41670133935255965,0.5020018959998925,0.4592447247480965
75,Marques,Combatentes,702.75,29889,33869,63759,400,398,798,0,0,0,0.3459477887757659,0.3939770010900135,0.36990220795003975
76,Combatentes,Salgueiros,471.25,25007,30303,55311,400,398,798,0,0,0,0.2894368881341122,0.3525022810415107,0.32089055527339116
77,Salgueiros,Polo Universitario,775.36,21333,28986,50320,398,412,810,0,0,0,0.24815954793581585,0.32571902931265656,0.28760955574724595
78,Polo Universitario,I.P.O.,827.64,16393,19974,36367,400,398,798,0,0,0,0.18973457974191943,0.2323526172761747,0.2109901924469741
79,I.P.O.,Hospital São João,351.77,9826,8599,18425,400,398,798,0,0,0,0.11372899717126835,0.10002559091755071,0.10689446623269738
80,Verdes (E) ,Botica,683.54,2084,4329,6414,98,79,177,0,0,0,0.09848282272036683,0.2537372791913405,0.16777718464808952
81,Botica,Aeroporto,649.66,1759,3634,5393,101,79,180,0,0,0,0.0806509533927893,0.212962962962963,0.13872122425969885
82,Sra da Hora,Fonte do Cuco,687.03,41107,22886,63994,189,220,409,300,278,300,0.3564081884669389,0.1969373604049143,0.27625181663916437
